[-0.9614136, 1.4329761, -0.82759714, 1.2850063, -0.58751214, 1.0429171, -1.0888041, 1.7158804, -0.558197, 0.7836612, -0.741211, 1.6949301, -0.57003284, 1.3443285, 0.0, 0.0, -0.31576034, 1.046246, -0.35806143, 1.1136111, -0.8509883, 1.2961532, -0.44849908, 0.98736405, -0.36330009, 0.9696584, -0.5683666, 1.6543846, 0.0, 0.0, 0.0, 0.0, 0.0, 0.0, 0.0, 0.0, 0.0, 0.0, 0.0, 0.0]
[-1.1307911, 1.261215, -1.0531152, 1.2423805, -0.84241986, 1.3824168, -0.9008337, 1.4755704, -0.97112817, 1.4247471, 0.14493103, 1.7896163, -0.73241603, 1.5483439, -0.77803916, 1.5119723, -0.5843684, 1.6717744, -0.5185908, 1.6078593, -0.9172268, 1.482501, -0.62672526, 1.5267729, -0.64405274, 1.6352432, -0.60632753, 1.474833, -0.6884612, 1.3773296, -0.761856, 1.5724579, -0.51128185, 1.5514404, -0.6809914, 1.4915512, -0.48454174, 1.3157309, -0.82497257, 1.3178335]
[-0.57200205, 1.3971374, -0.9598962, 2.5088983, 0.0, 0.0, 0.0, 0.0, -0.36541885, 0.5405749, -0.32417214, 1.6158891, -0.008473262, 0.5822989, 0.0, 0.0, -0.023964636, 0.7310352, -0.13936523, 1.1046236, -0.5409506, 1.380359, -0.16399252, 0.6334273, -0.10706057, 0.6339152, -0.23720612, 1.7198833, 0.0, 0.0, 0.0, 0.0, 0.0, 0.0, 0.0, 0.0, 0.0, 0.0, 0.0, 0.0]
[-0.79733425, 1.4303832, -0.7733005, 1.5804346, -0.5028501, 1.8415874, -0.5487283, 1.0606827, -0.73930925, 1.6572498, -0.4620109, 2.2957213, -0.21403927, 1.2243396, 0.0, 0.0, -0.19157802, 1.2957301, -0.23338759, 1.5674227, -0.6082655, 1.5077645, -0.42857495, 1.8392519, -0.3631447, 1.796474, -0.3640944, 1.7715067, -0.36431023, 1.2698675, 0.0, 0.0, 0.0, 0.0, 0.0, 0.0, 0.0, 0.0, 0.0, 0.0]
[-1.5034508, 0.93273413, -0.89880574, 1.2276272, -1.1214398, 1.1362231, -1.1876441, 1.2069335, -1.1857911, 1.0101496, 0.4149038, 2.2094848, -1.0125946, 1.306484, -0.95415753, 1.2688569, -0.8550739, 1.41614, -0.89355755, 1.3516486, -1.14212, 1.1780168, -0.87517834, 1.4056306, -0.87038577, 1.4225206, -0.92187107, 1.1729636, -0.9193843, 1.3075894, -1.0507902, 1.2934431, -0.78770053, 1.3920511, -0.9204039, 1.2405746, -0.8339775, 1.1939594, -1.1221926, 1.195027]
[-0.7549268, 1.5440935, -0.6865733, 1.483121, -0.83172923, 1.9942387, -0.83498937, 1.5573019, -0.8205918, 1.6120269, -0.5844364, 1.8734803, -0.35932353, 1.2511461, 0.0, 0.0, -0.2627989, 1.2090935, -0.15578397, 0.8832474, -0.74104786, 1.5191479, -0.4222553, 1.1697003, -0.29877913, 1.0199683, -0.18626267, 1.1760948, 0.0, 0.0, 0.0, 0.0, 0.0, 0.0, 0.0, 0.0, 0.0, 0.0, 0.0, 0.0]
[-0.4137696, 0.16376217, -0.8372465, 0.8833899, 0.0, 0.0, 0.0, 0.0, -0.44645935, 0.37101555, -0.0367979, 0.17159614, 0.09984124, -0.06585777, -0.23524204, 0.26045457, -0.014317148, 0.37289205, 0.0, 0.0, -0.5808453, 0.3817352, -0.08123007, 0.2138219, 0.0, 0.0, -0.11506503, 0.5628334, 0.0, 0.0, 0.0, 0.0, 0.0, 0.0, 0.0, 0.0, 0.0, 0.0, 0.0, 0.0]
[-1.1255434, 0.6775273, -1.116989, 0.60272026, -1.0115821, 0.88149726, -1.0992177, 0.7965362, -0.95917857, 0.9791467, 1.5268381, 4.125778, -0.93301564, 1.0944103, -1.2196401, 0.8204904, -0.5419213, 1.2856641, -0.83819944, 1.1458048, -1.0468067, 0.9035228, -1.1613115, 0.87825626, -0.9207023, 1.1924442, -0.9887672, 0.93763644, -1.1367234, 1.0418636, -0.8805544, 1.070315, -0.99385047, 1.0971566, -0.9349769, 1.1644721, -0.99061, 1.0252365, -1.0477331, 1.0418776]
[-1.314318, 0.8444161, -1.0632143, 1.0481843, -1.2058169, 1.0691985, -1.2141254, 1.2980318, -1.2247972, 1.0430244, -0.018185752, 2.0719075, -1.0602592, 1.1397147, -1.1577036, 1.3162576, -0.9839668, 1.4466476, -0.99973875, 1.3455921, -1.1849852, 1.1784899, -1.0761666, 1.3505187, -1.0488057, 1.3892342, -0.9580257, 1.2317047, -1.2569216, 1.4100928, -1.1751078, 1.244181, -0.85241115, 1.2649437, -0.9564563, 1.1781969, -1.1323591, 1.34891, -1.1591892, 1.0633916]
[-0.4124933, 0.34883824, -0.9653001, 1.4945662, 0.0, 0.0, 0.0, 0.0, -0.5526126, 0.6637863, -0.020204246, 0.27734253, 0.06241965, 0.07834356, -0.23079193, 0.32910934, -0.031904105, 0.49167418, 0.0, 0.0, -0.53040355, 0.6031347, -0.12238531, 0.33355048, 0.0, 0.0, -0.01696783, 0.5758622, 0.0, 0.0, 0.0, 0.0, 0.0, 0.0, 0.0, 0.0, 0.0, 0.0, 0.0, 0.0]
[-1.2782354, 0.8063527, -1.1017553, 0.81489074, -1.2067838, 1.1109587, -1.2414141, 1.0658323, -1.1711345, 0.98175853, -1.3309257, 0.69671965, -1.1182017, 1.1609713, -1.1429228, 1.240139, -0.9978954, 1.3683895, -1.0577538, 1.3361025, -1.2307703, 1.0094324, -1.0780715, 1.1793375, -1.0459607, 1.3638911, -0.92374486, 1.2914884, -1.1756673, 1.2703749, -1.202406, 1.2218155, -0.96579283, 1.3850372, -0.99482065, 1.079299, -1.0702986, 1.1723676, -1.2480599, 1.0139264]
[-1.425868, 0.7903192, -1.057268, 1.0495213, -1.288546, 1.110278, -1.1958369, 1.1097698, -1.2073895, 0.9997243, -0.098940775, 1.9515084, -1.0824127, 1.1946838, -1.2293895, 1.2878137, -1.0615649, 1.3371336, -1.0049986, 1.3098145, -1.242206, 1.1119626, -0.97422045, 1.2945013, -1.1253954, 1.3279936, -0.97575045, 1.1549566, -1.1505562, 1.3032734, -1.125792, 1.2987258, -0.9750814, 1.4342171, -1.0816613, 1.3407688, -0.9171754, 1.1446135, -1.1237009, 1.062605]
[-1.0614202, 1.4761618, -0.9891875, 1.4822022, -0.81509596, 1.201304, -0.9611663, 1.1846163, -1.2713598, 1.9740148, -0.6796913, 1.4408773, -0.7890363, 1.605119, -1.0718906, 1.7073686, 0.0, 0.0, -0.40999195, 1.1303787, -1.5233067, 2.4372401, -0.53125906, 1.0739892, -0.9994993, 2.025353, -0.6183234, 1.6100578, 0.0, 0.0, -0.76923937, 1.2985218, 0.0, 0.0, -0.28564477, 0.5308495, -0.16567813, 0.4959308, 0.0, 0.0]
[-1.1978592, 1.3616064, -1.0595042, 1.3412267, -0.3712212, 0.43981177, -0.8295533, 0.9059996, -0.61355984, 0.7812965, -0.9843833, 1.6287324, -0.7812802, 1.2760502, 0.0, 0.0, -0.63883156, 1.2868048, -0.4963224, 1.0603259, -1.0428739, 1.1951349, -0.51480764, 0.88837504, -0.6928602, 1.261829, -0.5536876, 1.3029743, 0.0, 0.0, 0.0, 0.0, 0.0, 0.0, 0.0, 0.0, 0.0, 0.0, 0.0, 0.0]
[-0.3306554, 0.7126605, -0.86758566, 2.7095344, 0.0, 0.0, 0.0, 0.0, -0.34485832, 0.5418788, -0.07231617, 0.84565014, 0.09771919, 0.34129506, 0.0, 0.0, -0.05087328, 0.8683724, 0.021733835, 0.6634753, -0.45306188, 1.2760283, -0.14117853, 0.7027817, -0.15519674, 0.88421285, -0.21485077, 1.7938737, 0.0, 0.0, 0.0, 0.0, 0.0, 0.0, 0.0, 0.0, 0.11304565, 0.22886528, 0.0, 0.0]
[-0.6998681, 1.3565367, -1.084407, 2.3347464, 0.0, 0.0, 0.0, 0.0, -0.58683485, 1.0734532, -0.2847972, 1.1233072, -0.050343968, 0.5632003, 0.0, 0.0, -0.3574817, 1.5546365, 0.07439657, 0.2712262, -0.6080834, 1.3361822, -0.23775521, 0.7287336, -0.21289046, 0.8280753, -0.27119276, 1.484971, 0.0, 0.0, 0.0, 0.0, 0.0, 0.0, 0.0, 0.0, 0.0, 0.0, 0.0, 0.0]
[-0.4005034, 0.1982885, -1.2577028, 1.4948432, 0.0, 0.0, 0.0, 0.0, -0.5775717, 0.56536406, -0.07081893, 0.24249104, -0.01802756, 0.10543649, -0.33254746, 0.4001585, -0.058965873, 0.45926565, 0.0, 0.0, -0.6103454, 0.50341034, -0.17088138, 0.3317382, 0.0, 0.0, -0.1395085, 0.63602597, 0.0, 0.0, 0.0, 0.0, 0.0, 0.0, 0.0, 0.0, 0.0, 0.0, 0.0, 0.0]
[-1.2123054, 1.388415, -1.4456191, 1.8770119, 0.0, 0.0, 0.0, 0.0, -0.32744312, 0.25852904, -1.0666169, 1.8080256, -0.50623417, 0.9015456, 0.0, 0.0, -0.19360486, 0.6923167, -0.3963588, 0.89946175, -0.9739772, 1.1222638, -0.61673754, 1.0164557, -0.5598641, 1.071184, -0.5290902, 1.2512258, 0.0, 0.0, 0.0, 0.0, 0.0, 0.0, 0.0, 0.0, 0.0, 0.0, 0.0, 0.0]
[-0.88302004, 1.3768367, -1.9870695, 0.6870834, -1.4253173, 1.0490588, -1.2324922, 1.2095368, -0.92532676, 1.4818715, -0.81240195, 1.6068345, -0.7121761, 1.5162648, -1.167865, 1.2899513, -0.6238694, 1.6847816, -0.7099696, 1.5693762, -1.0132204, 1.5281024, -0.8109226, 1.6279104, -0.7615451, 1.4567761, -0.979948, 1.568104, -0.82938886, 1.3396374, -0.8991687, 1.4840925, -0.5530417, 1.3835377, -0.7680969, 1.3359036, -0.8343018, 1.3824525, -0.9546928, 1.2428423]
[-0.4124933, 0.34883824, -0.9653001, 1.4945662, 0.0, 0.0, 0.0, 0.0, -0.5526126, 0.6637863, -0.020204246, 0.27734253, 0.06241965, 0.07834356, -0.23079193, 0.32910934, -0.031904105, 0.49167418, 0.0, 0.0, -0.53040355, 0.6031347, -0.12238531, 0.33355048, 0.0, 0.0, -0.01696783, 0.5758622, 0.0, 0.0, 0.0, 0.0, 0.0, 0.0, 0.0, 0.0, 0.0, 0.0, 0.0, 0.0]
[-1.3770857, 1.0930333, -1.762908, 0.57475466, -1.5380573, 0.96997786, -1.4807206, 0.8540003, -1.0301911, 1.406797, -0.5607403, 2.034127, -0.8724376, 1.406477, -1.3214053, 1.0485466, -0.85007447, 1.5034684, -0.87816715, 1.4986436, -1.1331028, 1.3593961, -1.0146122, 1.4674578, -0.9192194, 1.4420348, -0.9978781, 1.3690051, -1.0133108, 1.2441337, -1.1018195, 1.3370738, -0.73657733, 1.3338714, -1.0371181, 1.168182, -0.95754343, 1.1966283, -1.1603931, 1.2005205]
[-2.1970272, 0.7101092, -3.530083, -0.015707951, -0.18979213, 1.160658, 0.46986744, 1.1380429, -1.0342592, 0.89320475, 1.7676399, 1.7027003, -0.7874784, 0.8753587, -0.024366377, 1.1530086, -0.26297763, 1.2804652, -0.07813724, 1.1366442, -0.09104605, 1.1178339, 0.2694798, 1.3906943, -0.15214868, 1.2750243, -0.9010527, 0.9617955, -1.4139609, 1.1860905, -0.34658375, 1.3273838, -0.9171328, 1.1330293, -0.73155624, 1.0485591, -0.68265426, 0.80568206, -0.76265955, 0.56238556]
[-1.067059, 0.42015263, -1.0376378, 0.82844776, -1.8518938, 1.5251689, -1.1841086, 0.8507047, -1.0237591, 0.8611879, -1.2708085, 1.2269812, -0.47404182, 0.41313687, 0.0, 0.0, -1.0251237, 1.2357916, 0.0, 0.0, -1.0729127, 0.74264777, -1.1679823, 1.1310238, 0.0, 0.0, -1.0898774, 1.3628424, -1.5000964, 1.3213693, 0.0, 0.0, 0.0, 0.0, 0.0, 0.0, 0.0, 0.0, 0.0, 0.0]
[-1.0326786, 1.3815849, -0.63240093, 1.437755, -0.9176357, 1.4132116, -1.0443985, 1.4504305, -0.9362975, 1.4348884, 1.4202766, 2.3300152, -0.5593672, 1.5715008, -0.76719517, 1.5448776, -0.59605753, 1.6521826, -0.709759, 1.594408, -0.7593724, 1.5074807, -0.5833128, 1.5591685, -0.7301849, 1.5372738, -0.6485429, 1.4698364, -0.840412, 1.6551354, -0.7948894, 1.6002374, -0.48609573, 1.551169, -0.75188917, 1.4051906, -0.6237067, 1.5371424, -0.8796981, 1.4155829]
[-0.58047086, 0.3815699, -1.2272075, 1.3619328, 0.0, 0.0, 0.0, 0.0, -0.61038876, 0.5358534, -0.4000812, 0.71870536, 0.0384902, 0.016774949, -0.31308663, 0.37152168, -0.15975147, 0.58242667, 0.0, 0.0, -0.5835214, 0.41404963, -0.2589226, 0.42171478, 0.0, 0.0, -0.21423617, 0.7129186, 0.0, 0.0, 0.0, 0.0, 0.0, 0.0, 0.0, 0.0, 0.0, 0.0, 0.0, 0.0]
[-1.3667151, 0.9929647, -1.4651217, 0.63720226, -1.3609176, 1.0303618, -1.5227975, 1.0444149, -1.2704293, 1.5761981, -1.2834576, 1.6876007, -1.2002587, 1.4500688, -1.4806086, 0.9841383, -1.0091298, 1.6164439, -0.99384475, 1.5141205, -1.3247876, 1.3847297, -1.3498372, 1.7740629, -1.141986, 1.7728488, -1.0439948, 1.4109988, -0.890604, 1.0697937, -1.3028997, 1.5871223, -0.68016833, 1.2123036, -0.99673295, 1.2836535, -0.74958247, 1.0200976, -1.0344666, 1.0323819]
[-1.1462134, 0.69636166, -0.9257521, 0.7773858, -0.77555656, 0.9696513, -0.84726185, 0.8602912, -0.85943896, 0.89090884, -0.44055218, 1.2072666, -0.59762, 1.0075192, -0.95154846, 0.83555204, -0.5948783, 1.0940855, -0.5667155, 1.0918353, -0.9447048, 0.8792636, -0.53500557, 1.1157895, -0.38455588, 1.166912, -0.47986943, 1.1440365, -0.8207983, 0.9097962, -0.6318968, 1.0384079, -0.5629566, 1.0731356, -0.7840546, 1.0078851, -0.3837512, 1.1960714, -0.9202538, 0.90940857]
[-0.88490796, 1.2461438, -1.5610636, 0.5321742, -1.178767, 0.95573616, -1.1946884, 1.0190289, -0.76822037, 1.383702, 1.6768693, 3.4187696, -0.6032002, 1.3803751, -1.2037462, 0.89400595, -0.6111449, 1.4031124, -0.49605313, 1.5903409, -0.99314505, 1.2180855, -0.9847603, 1.2873882, -0.7182185, 1.3466632, -0.7053672, 1.3779469, -0.816475, 1.3923811, -0.9563059, 1.2004888, -0.87639004, 1.2918687, -0.7565496, 1.2407051, -0.68786013, 1.3378748, -0.7711911, 0.9287181]
[-0.88302004, 1.3768367, -1.9870695, 0.6870834, -1.4253173, 1.0490588, -1.2324922, 1.2095368, -0.92532676, 1.4818715, -0.81240195, 1.6068345, -0.7121761, 1.5162648, -1.167865, 1.2899513, -0.6238694, 1.6847816, -0.7099696, 1.5693762, -1.0132204, 1.5281024, -0.8109226, 1.6279104, -0.7615451, 1.4567761, -0.979948, 1.568104, -0.82938886, 1.3396374, -0.8991687, 1.4840925, -0.5530417, 1.3835377, -0.7680969, 1.3359036, -0.8343018, 1.3824525, -0.9546928, 1.2428423]
[-0.11656162, -0.1796728, -0.2132007, 0.23486187, 0.0, 0.0, 0.0, 0.0, -0.25271094, 0.16456395, 0.15042551, -0.04210386, 0.0, 0.0, 0.0, 0.0, 0.0, 0.0, 0.0, 0.0, -0.0993777, -0.10266189, 0.0, 0.0, 0.0, 0.0, 0.0, 0.0, 0.0, 0.0, 0.0, 0.0, 0.0, 0.0, 0.0, 0.0, 0.0, 0.0, 0.0, 0.0]
[-1.5858535, 0.4703335, -1.2998737, 0.7660038, -1.4673066, 0.8400867, -1.3690758, 0.9925183, -1.5176713, 0.7340271, -0.7156866, 1.8484664, -1.3657242, 0.90445113, -1.2803223, 1.1004517, -1.2140938, 1.2498411, -1.1640824, 1.1818717, -1.4240538, 0.90732735, -1.1840534, 1.1212487, -1.285092, 1.2652072, -1.2572496, 1.1450225, -1.3077787, 1.0884529, -1.3710679, 1.0074257, -1.0587395, 1.2264293, -1.2375966, 1.0195624, -1.1921136, 0.9907511, -1.2728682, 0.8832437]
[-0.4124933, 0.34883824, -0.9653001, 1.4945662, 0.0, 0.0, 0.0, 0.0, -0.5526126, 0.6637863, -0.020204246, 0.27734253, 0.06241965, 0.07834356, -0.23079193, 0.32910934, -0.031904105, 0.49167418, 0.0, 0.0, -0.53040355, 0.6031347, -0.12238531, 0.33355048, 0.0, 0.0, -0.01696783, 0.5758622, 0.0, 0.0, 0.0, 0.0, 0.0, 0.0, 0.0, 0.0, 0.0, 0.0, 0.0, 0.0]
[-0.71764135, 1.6144689, -0.7477473, 1.6769276, -0.5137888, 1.5319101, -0.56362325, 1.03543, -0.7306198, 1.6686816, -0.7766184, 2.8769953, -0.08673591, 0.8000409, -0.3110079, 0.7784244, -0.112460494, 0.98550534, 0.016692437, 0.6005847, -0.33548948, 0.65201527, 0.0, 0.0, -0.22254822, 0.9776222, -0.057485323, 0.98290706, -0.39510188, 1.3405639, 0.0, 0.0, -0.2620518, 1.4610095, -0.2723554, 0.890544, -0.08033214, 0.8005349, -0.36299562, 0.6271119]
[1.0001361, 1.576359, -0.33789617, 1.7461885, 0.5995226, 1.5856894, 0.58665913, 1.8368936, 0.8271574, 1.0168059, 3.1261356, 1.3428019, 0.6478969, 1.48004, 0.87749934, 0.8082072, 0.23182897, 1.7003839, 0.8071269, 0.4360544, -0.17708603, 1.7549442, 0.05461373, 1.6029422, 0.5640407, 0.7122585, 0.36067578, 1.7451652, 1.6300906, 1.7733556, 0.32372102, 0.17241699, 1.7595419, 2.33532, 1.0233088, 1.2205247, 0.94297445, 0.5990671, 0.985972, 1.3146217]
[-1.6708895, 0.05892461, -3.047337, -0.8039274, -1.1996404, 1.2835518, -0.7796379, 1.7345679, -1.4416877, 1.0205774, 1.4096878, 4.983468, -1.0721307, 1.3047458, -1.576232, 1.0117701, -1.8431835, 0.5456034, -1.5355786, 0.77896214, -2.1132936, -0.09866482, -1.5420798, 0.6893767, -1.6583704, 0.6287744, -1.1645617, 1.1491874, -0.6751938, 1.6457078, -1.8048817, 0.77597326, -0.9191011, 1.2962903, -1.0506132, 1.2354084, -0.96920943, 1.2490611, -0.9662601, 1.167488]
[-0.105288245, -0.15918702, -0.21111651, 0.2478944, 0.0, 0.0, 0.0, 0.0, -0.25051633, 0.17122719, 0.15886152, -0.024811644, 0.0, 0.0, 0.0, 0.0, 0.0, 0.0, 0.0, 0.0, -0.09897844, -0.09618211, 0.0, 0.0, 0.0, 0.0, 0.0, 0.0, 0.0, 0.0, 0.0, 0.0, 0.0, 0.0, 0.0, 0.0, 0.0, 0.0, 0.0, 0.0]
[-1.3935214, 0.74280256, -1.0032945, 1.1454766, -1.1827939, 1.2707064, -1.1263714, 1.0214878, -1.2355773, 1.021584, 0.43615755, 2.3534336, -1.0470991, 1.3228327, -1.1003286, 1.3128937, -0.8117985, 1.3889277, -0.9350348, 1.4401726, -1.1060358, 1.107567, -0.98636156, 1.3072327, -0.9158263, 1.3431304, -0.8708356, 1.2959735, -1.0440022, 1.309879, -1.054085, 1.2809597, -0.72346914, 1.2289823, -0.80880135, 1.1241282, -0.9956661, 1.3921783, -0.9764085, 1.0375962]
[-1.616061, 0.85757226, -1.1082739, 0.9421198, -1.1322159, 1.145212, -1.0957763, 1.2264019, -1.2560765, 1.0280389, 0.553686, 2.5463808, -1.1879029, 1.2836287, -1.049608, 1.4270046, -0.8023329, 1.4668623, -0.8825325, 1.4474839, -1.1253881, 1.1725614, -0.9987792, 1.3281777, -0.82670903, 1.4553212, -1.0243076, 1.3313766, -1.1351185, 1.4129628, -1.0191158, 1.3193064, -0.82835895, 1.5321587, -1.0608788, 1.4933968, -0.9435804, 1.4593066, -1.129777, 1.19247]
[-0.33552736, 1.258485, -2.0307345, 0.7557827, -0.41047508, 1.2968197, -0.6609383, 0.99785316, -0.16817626, 1.2372829, 0.692166, 1.5047585, 0.039041866, 1.4884913, -1.4244078, 0.8793917, 0.30875984, 1.4906081, -0.047508568, 1.4841508, -0.14053175, 1.3369504, -0.018410673, 1.348362, 0.020161763, 1.4928774, -0.60323715, 1.070961, -0.07194697, 1.3756753, -0.23251826, 1.335072, -0.1639096, 1.3525825, -0.3051841, 1.1754588, 0.13472852, 1.4707309, -0.093143426, 1.2692031]
[-1.1575283, 1.0765101, -1.006348, 1.0275697, 0.0, 0.0, -0.5647116, 0.4502357, -0.5965303, 0.5914748, -1.0635488, 1.4796683, -0.78800005, 1.0435829, 0.0, 0.0, -0.78434974, 1.3282307, -0.5414429, 0.9870268, -1.1806706, 1.1899987, -0.37550846, 0.5673338, -0.57672143, 0.9384753, -0.63941807, 1.2477233, 0.0, 0.0, 0.0, 0.0, 0.0, 0.0, 0.0, 0.0, 0.0, 0.0, 0.0, 0.0]
[-1.5862174, 0.9742166, -1.3271961, 1.0175747, -0.9282587, 1.4165202, -0.9710803, 1.3653322, -1.1941769, 1.1696138, 0.4156224, 2.0827515, -0.8403167, 1.4306082, -0.92423695, 1.5235919, -0.5515215, 1.6493068, -0.5442239, 1.6010249, -0.91246367, 1.3154176, -0.8110851, 1.4992837, -0.6480387, 1.6054949, -0.831847, 1.3094661, -0.7697794, 1.3790818, -0.8800802, 1.474642, -0.56843543, 1.4330791, -0.6763552, 1.3937846, -0.63318145, 1.3528223, -0.9308002, 1.33411]
[-2.2345152, -1.3437479, -2.1990314, -1.2671973, -1.374262, 0.43378386, -1.2183888, 0.73454237, -1.3534008, 0.25845212, -0.48143893, 2.6664114, -1.1917259, 0.5701418, -1.095561, 0.8929895, -1.1104223, 0.7722041, -1.2242866, 0.67917347, -1.3132281, 0.30844718, -1.128809, 0.88898903, -1.2150471, 0.57879, -1.2024242, 0.88307554, -1.2325245, 0.6341105, -1.2437478, 0.6111137, -1.068745, 0.73212516, -1.1918507, 1.0120175, -1.2350835, 0.7683893, -1.2706249, 0.3563301]
[-1.3770857, 1.0930333, -1.762908, 0.57475466, -1.5380573, 0.96997786, -1.4807206, 0.8540003, -1.0301911, 1.406797, -0.5607403, 2.034127, -0.8724376, 1.406477, -1.3214053, 1.0485466, -0.85007447, 1.5034684, -0.87816715, 1.4986436, -1.1331028, 1.3593961, -1.0146122, 1.4674578, -0.9192194, 1.4420348, -0.9978781, 1.3690051, -1.0133108, 1.2441337, -1.1018195, 1.3370738, -0.73657733, 1.3338714, -1.0371181, 1.168182, -0.95754343, 1.1966283, -1.1603931, 1.2005205]
[-1.1486336, 1.0569324, -1.330403, 0.8039126, -1.0636957, 1.0586145, -1.2827631, 0.8049384, -0.9579466, 1.2068057, -0.8839691, 1.1585003, -0.8762421, 1.2659962, -1.1872762, 0.88051057, -0.7324634, 1.264569, -0.7244707, 1.3339051, -1.0354602, 1.1620594, -0.83499897, 1.3336811, -0.8068163, 1.3393351, -0.74309313, 1.3451928, -0.98372877, 1.1794668, -1.0306797, 1.0835035, -0.7949233, 1.2525889, -0.9399091, 1.0984373, -0.88072485, 1.2799139, -1.1566373, 0.99783504]
[-1.4268967, -0.07810811, -1.4026282, 0.772607, -1.6911312, 0.63179916, -1.5882325, 0.7467729, -1.3352493, 0.51477087, -1.577362, 0.75144833, -1.3857336, 0.5120057, 0.0, 0.0, -1.5400684, 1.1385511, 0.0, 0.0, -1.6025274, 0.5886374, -1.6126432, 1.0919125, -1.1715742, 0.81474453, -1.3947691, 0.9628779, -1.4947406, 0.76221365, 0.0, 0.0, 0.0, 0.0, 0.0, 0.0, 0.0, 0.0, 0.0, 0.0]
[-1.3751042, 0.9742734, -0.9820577, 1.12361, -0.9912059, 1.3180888, -0.93552494, 1.3487712, -1.1907437, 1.1053947, 1.1923652, 2.4126005, -0.9050728, 1.3667427, -0.81717485, 1.4310621, -0.7426529, 1.5831426, -0.56272525, 1.6226921, -0.8694423, 1.3899368, -0.730167, 1.5635519, -0.7033217, 1.6521962, -0.69930124, 1.3651552, -0.847182, 1.444976, -0.77392733, 1.4063553, -0.6127473, 1.5959699, -0.69053394, 1.3486242, -0.6502575, 1.4998947, -0.82923865, 1.2469722]
[-1.1757107, 0.55879354, -0.5610409, 1.5908065, -1.6424593, 0.12845644, -1.6145222, 0.23729217, -0.83151704, 1.3988482, -4.7376704, -3.1107893, -1.2962292, 0.62953585, -0.66094744, 1.9479815, -0.6593493, 1.8215518, -0.6636687, 1.8241401, -0.6505603, 1.2824801, -0.753585, 1.9171244, -0.4448458, 2.2246542, -0.6862301, 1.649331, -1.3111686, 0.4838824, -0.895785, 1.5983831, -1.0953858, 0.7253186, -1.188803, 0.9362802, -1.2090486, 1.093024, -1.1068772, 0.5261035]
[-0.9614136, 1.4329761, -0.82759714, 1.2850063, -0.58751214, 1.0429171, -1.0888041, 1.7158804, -0.558197, 0.7836612, -0.741211, 1.6949301, -0.57003284, 1.3443285, 0.0, 0.0, -0.31576034, 1.046246, -0.35806143, 1.1136111, -0.8509883, 1.2961532, -0.44849908, 0.98736405, -0.36330009, 0.9696584, -0.5683666, 1.6543846, 0.0, 0.0, 0.0, 0.0, 0.0, 0.0, 0.0, 0.0, 0.0, 0.0, 0.0, 0.0]
[-0.71752226, 1.0852249, -1.007721, 1.6190368, -0.5049533, 0.8168225, -0.81175447, 1.0573055, -1.219295, 2.2931828, -0.51912844, 1.4132688, -0.6044178, 1.681731, -0.7918744, 1.4978023, 0.0, 0.0, -0.41744792, 1.4086878, -1.2741898, 2.5339127, -0.79382765, 1.8733145, -0.7710463, 1.9898757, -0.41039294, 1.4378386, 0.0, 0.0, 0.0, 0.0, 0.0, 0.0, -0.19897617, 0.44430095, -0.502785, 1.4099313, 0.0, 0.0]
[-1.5008398, 0.809176, -1.1669552, 0.8612028, -1.0729927, 1.1592065, -1.180662, 1.1883206, -1.1638503, 1.0884434, -0.5141676, 1.5683334, -0.99994886, 1.2370746, -1.0432463, 1.3957949, -0.8352902, 1.4870296, -0.868495, 1.4766039, -1.2212876, 1.2239025, -1.0523702, 1.3545367, -0.88789225, 1.4053235, -0.87563854, 1.2368809, -0.99369097, 1.2461187, -1.0314069, 1.2844287, -0.74650097, 1.3763244, -0.95018655, 1.3210642, -0.92254, 1.3186933, -1.1352421, 1.1854031]
[-1.4000088, 1.0824801, -1.7986203, 0.37889236, -1.53417, 0.82416964, -1.526284, 0.85153985, -1.1236955, 1.2414964, -1.1038675, 1.3294952, -1.2558007, 1.305459, -1.4007066, 1.0333278, -0.9456365, 1.4274455, -1.0645573, 1.4442031, -1.2827693, 1.2354481, -1.1653994, 1.3258588, -1.0171329, 1.4412262, -1.1243526, 1.2903327, -1.1401057, 1.2250801, -1.1632843, 1.2462697, -0.9878368, 1.39709, -1.1872578, 1.1254678, -0.94494975, 1.0709168, -1.1351885, 0.8288124]
[-1.7114687, 0.856296, -1.4919152, 0.783718, -1.0103064, 1.4038792, -1.0690113, 1.285189, -1.2635548, 1.1226273, -0.13522978, 1.85311, -0.8934834, 1.3408791, -0.81976503, 1.6181391, -0.68454, 1.5408143, -0.6720289, 1.7497276, -1.1174828, 1.2841277, -0.9334454, 1.4641502, -0.7620982, 1.602985, -0.90432453, 1.3039479, -0.8967268, 1.4298687, -0.9514435, 1.4765762, -0.60091513, 1.4056069, -0.8519517, 1.434475, -0.7634376, 1.3102831, -0.97487587, 1.3331983]
[-0.4819323, 0.48691705, -0.8026678, 1.2486342, 0.0, 0.0, 0.0, 0.0, -0.43555856, 0.4900161, -0.028042391, 0.29519764, -0.011903769, 0.21492562, -0.29038757, 0.43311048, -0.026330195, 0.48969716, 0.0, 0.0, -0.43790144, 0.46631905, -0.0782247, 0.269764, 0.0, 0.0, -0.12147264, 0.76337487, 0.0, 0.0, 0.0, 0.0, 0.0, 0.0, 0.0, 0.0, 0.0, 0.0, 0.0, 0.0]
[-1.2057782, 0.99423903, -4.296883, -0.71611166, -0.49077398, 1.6489097, -0.8024871, 1.4627934, -1.2443303, 1.1459701, 1.6293659, 4.520605, -0.42384508, 1.5561285, -1.3352402, 0.9739461, -1.5785824, 0.9989397, -1.4402627, 0.84913725, -2.0999935, 0.09948463, -1.4873695, 0.7766908, -1.2703696, 0.81339693, -1.1386348, 1.0563406, -0.73526454, 1.4620568, -1.2695894, 1.0222372, -0.7353128, 1.5488431, -0.86059225, 1.0736204, -0.45858693, 1.5248319, -0.32052884, 1.7215618]
[-0.79733425, 1.4303832, -0.7733005, 1.5804346, -0.5028501, 1.8415874, -0.5487283, 1.0606827, -0.73930925, 1.6572498, -0.4620109, 2.2957213, -0.21403927, 1.2243396, 0.0, 0.0, -0.19157802, 1.2957301, -0.23338759, 1.5674227, -0.6082655, 1.5077645, -0.42857495, 1.8392519, -0.3631447, 1.796474, -0.3640944, 1.7715067, -0.36431023, 1.2698675, 0.0, 0.0, 0.0, 0.0, 0.0, 0.0, 0.0, 0.0, 0.0, 0.0]
[-0.9482171, 1.4278547, -1.7218627, 0.9542785, -0.91292953, 1.4371773, -1.432496, 1.18811, -0.9027318, 1.5138509, -0.5968262, 1.5394174, -0.4957477, 1.675915, -1.0373477, 1.3404189, -0.29834384, 1.6888465, -0.31120852, 1.6816555, -0.9197365, 1.5092099, -0.56275225, 1.6019258, -0.549251, 1.7418154, -0.61256963, 1.6345569, -0.63701004, 1.4717351, -0.61268353, 1.5068767, -0.49928716, 1.7313977, -0.6881611, 1.3762026, -0.52360004, 1.2669554, -0.8138985, 1.219386]
[-3.0101507, 0.30086046, -0.55663615, 1.3203253, -1.0481774, 1.4859128, -0.8876881, 1.3814006, -0.82983506, 1.2667232, 2.2916067, 3.3448992, -0.6987361, 1.2928064, -0.6720945, 1.4396646, -0.72468203, 1.4189227, -0.2953322, 1.5486252, -0.79953337, 1.2739587, -0.23676735, 1.4787457, -1.3470938, 1.2768823, -0.649962, 1.3848753, -0.45051655, 1.5126723, -1.1014814, 1.2300373, -0.5806338, 1.669501, -1.0183786, 1.4069792, -0.7211248, 1.4719709, -0.8982072, 1.6172384]
[-1.5222152, 0.6568243, -1.2850786, 0.8623238, -1.2429519, 1.0533377, -1.2246218, 1.1390874, -1.2626101, 1.046566, -0.09320346, 1.9862442, -1.1216359, 1.239511, -1.1652143, 1.2641423, -1.0053152, 1.3923943, -1.0139248, 1.3882176, -1.1679169, 1.0234761, -1.0587597, 1.2120944, -0.9632348, 1.2951429, -1.0389006, 1.1606278, -1.0751601, 1.1964879, -1.2883059, 1.3247547, -0.86583596, 1.2508867, -1.0150849, 1.2840148, -0.98708427, 1.1613237, -1.2022513, 1.0185194]
[-0.4922073, 0.5728331, -1.2465931, 2.1957672, -0.3244453, 0.4774132, -0.8254565, 1.1090294, -0.5040646, 0.6580763, -0.08724637, 0.42400983, -0.14360411, 0.49740514, 0.0, 0.0, -0.21657053, 0.88682777, 0.0, 0.0, -0.49948874, 0.64230704, 0.0, 0.0, 0.0, 0.0, -0.44278646, 1.4247823, 0.0, 0.0, 0.0, 0.0, 0.0, 0.0, 0.0, 0.0, 0.092150904, 0.09238964, 0.0, 0.0]
[-0.6103697, 1.3153251, -0.3863576, 1.4246092, -0.345963, 1.3132322, -0.18577027, 1.3657769, -0.37191504, 1.3137789, 4.226883, 1.4685245, -0.4743474, 1.3280475, 0.022013316, 1.3022703, 2.0884526, 1.4932175, -0.29744264, 1.2882897, -0.34424484, 1.2680794, -0.65632766, 1.336667, -0.39727563, 1.2943419, -0.16905841, 1.2816064, -0.059578527, 1.3712702, -0.28368855, 1.3490564, -0.27256665, 1.3167591, 0.12155197, 1.4337239, 0.09705403, 1.2355742, -0.0700198, 1.349569]
[-1.4079993, 1.0156199, -1.0069705, 1.064076, -1.0877223, 1.3003869, -1.1196464, 1.301556, -1.1393617, 1.0810744, -0.30899417, 1.7749579, -0.92388976, 1.3160297, -0.9820244, 1.5230573, -0.8023237, 1.5522554, -0.7934932, 1.5287, -1.1126654, 1.2920985, -0.91389585, 1.3852955, -0.8437815, 1.4266844, -0.8710845, 1.4035164, -0.9444806, 1.3670194, -0.9957341, 1.3065817, -0.72061026, 1.4388748, -0.86665934, 1.4040481, -0.7157383, 1.2088051, -1.0857569, 1.368159]
[-0.79733425, 1.4303832, -0.7733005, 1.5804346, -0.5028501, 1.8415874, -0.5487283, 1.0606827, -0.73930925, 1.6572498, -0.4620109, 2.2957213, -0.21403927, 1.2243396, 0.0, 0.0, -0.19157802, 1.2957301, -0.23338759, 1.5674227, -0.6082655, 1.5077645, -0.42857495, 1.8392519, -0.3631447, 1.796474, -0.3640944, 1.7715067, -0.36431023, 1.2698675, 0.0, 0.0, 0.0, 0.0, 0.0, 0.0, 0.0, 0.0, 0.0, 0.0]
[-0.61933964, 1.3113996, -0.4026367, 1.4144442, 0.18130775, 2.758592, 0.5971528, 3.4126196, -1.8607376, -1.1604258, -1.4250107, -0.5980076, -1.0958115, 0.5114874, 0.17947555, 2.3451118, -1.2466712, -0.17157735, -1.8600322, -0.85054684, -2.2132468, -1.7988768, -1.6741296, -0.83289546, -1.4726871, -0.43278974, -0.48699516, 1.2415338, -1.3100462, -0.38314578, -1.3121334, 0.005290191, -0.7018723, 1.0540777, -0.9977866, 0.499995, -1.4180733, -0.37496388, -1.2523046, 0.21078911]
[-0.8125043, 1.4749913, -1.1172605, 2.1627257, 0.0, 0.0, 0.0, 0.0, -0.53936476, 0.83083797, -0.55216235, 1.570452, -0.16545539, 0.7395726, 0.0, 0.0, -0.09483773, 0.7006126, -0.21705016, 0.9802978, -0.823436, 1.5636061, -0.35572192, 0.9195605, -0.4380773, 1.2890167, -0.5001763, 1.8277162, 0.0, 0.0, 0.0, 0.0, 0.0, 0.0, 0.0, 0.0, 0.0, 0.0, 0.0, 0.0]
[-1.2595366, 0.99690795, -1.1071833, 1.0665835, -0.98146486, 1.2592517, -1.0174713, 1.2967443, -1.0832906, 1.1581416, -0.46624246, 1.4818678, -0.84716964, 1.4001461, -0.9515688, 1.4455943, -0.68105966, 1.4396881, -0.70811415, 1.4776127, -1.1057673, 1.3425386, -0.80927, 1.3804597, -0.7505164, 1.4136688, -0.7816513, 1.3921052, -0.8677809, 1.3348527, -0.854635, 1.2947915, -0.64547, 1.4517776, -0.8177211, 1.342642, -0.81255877, 1.3803867, -0.9536556, 1.1674663]
[-1.1757107, 0.55879354, -0.5610409, 1.5908065, -1.6424593, 0.12845644, -1.6145222, 0.23729217, -0.83151704, 1.3988482, -4.7376704, -3.1107893, -1.2962292, 0.62953585, -0.66094744, 1.9479815, -0.6593493, 1.8215518, -0.6636687, 1.8241401, -0.6505603, 1.2824801, -0.753585, 1.9171244, -0.4448458, 2.2246542, -0.6862301, 1.649331, -1.3111686, 0.4838824, -0.895785, 1.5983831, -1.0953858, 0.7253186, -1.188803, 0.9362802, -1.2090486, 1.093024, -1.1068772, 0.5261035]
[-1.5132983, 0.5600265, -1.6323018, 1.5064063, -1.2588844, 0.98062474, -1.5595945, 1.1264995, -1.4192472, 0.8337584, -1.8161199, 1.4131634, -1.0481752, 0.91072345, 0.0, 0.0, -1.1510403, 1.3922873, -1.0456303, 1.1611127, -1.2931877, 0.8991367, -0.989066, 1.0811917, -0.8265483, 0.9553446, -1.5798526, 1.7683878, -1.091053, 0.917, 0.0, 0.0, 0.0, 0.0, 0.0, 0.0, 0.0, 0.0, 0.0, 0.0]
[-1.5262187, 0.50993377, -1.8949101, -0.09691536, -1.007728, 1.005108, -1.2743789, 0.8255977, -1.0107715, 1.2494755, 0.22434244, 2.8987834, -1.1345104, 1.0471505, -1.2388628, 0.8483656, -0.9906911, 1.2614261, -0.99628854, 1.370718, -1.4345317, 0.6351919, -1.2887397, 0.7168269, -1.0493915, 1.3648652, -1.2288089, 0.9885991, -1.1803408, 1.1608635, -1.002427, 1.0859896, -1.0241604, 1.4710755, -1.1283569, 1.2812984, -1.2225891, 1.0580062, -1.0175676, 1.1298692]
[-1.0716797, 1.2986319, -1.3440422, 1.117301, -0.5704294, 1.543287, -0.7841935, 1.6068672, -0.9721249, 1.4492463, 0.5507656, 1.7713097, -0.42424446, 1.4977288, -0.5221411, 1.6797085, -0.31032187, 1.7760913, -0.23969766, 1.624191, -0.61915135, 1.3920699, -0.46170977, 1.6213856, -0.35370365, 1.6285638, -0.63405055, 1.4997855, -0.38274336, 1.7386031, -0.36649552, 1.571717, -0.189517, 1.5421103, -0.45929518, 1.5480474, -0.27682355, 1.5128119, -0.56993634, 1.4468623]
[-1.067059, 0.42015263, -1.0376378, 0.82844776, -1.8518938, 1.5251689, -1.1841086, 0.8507047, -1.0237591, 0.8611879, -1.2708085, 1.2269812, -0.47404182, 0.41313687, 0.0, 0.0, -1.0251237, 1.2357916, 0.0, 0.0, -1.0729127, 0.74264777, -1.1679823, 1.1310238, 0.0, 0.0, -1.0898774, 1.3628424, -1.5000964, 1.3213693, 0.0, 0.0, 0.0, 0.0, 0.0, 0.0, 0.0, 0.0, 0.0, 0.0]
[-2.0072336, 0.75734323, -3.3027902, 0.64715004, 1.7585789, 1.7182804, 0.05873849, 1.2264514, -1.2445498, 0.7667709, 2.1718757, 1.7344325, -1.4973135, 0.7418616, -1.292188, 0.99435264, -0.58491236, 1.1514815, 2.2028759, 2.7999575, -0.46314475, 1.1135201, 0.5426113, 1.66773, 0.42051423, 2.296617, -0.96398497, 0.91498554, 1.1402713, 2.169864, 0.0, 0.0, 1.8377739, 2.9287941, 0.8086321, 2.244989, 0.4666826, 1.4090295, 0.78368014, 1.6029098]
[-1.0737133, 1.3408675, -2.42393, 0.42201045, -1.481552, 1.0957775, -1.3346071, 1.2011889, -0.7605136, 1.6480097, -0.24193984, 2.0820036, -0.5927148, 1.2473629, -1.6571038, 0.8081962, -0.48106483, 1.6584494, -0.6954343, 1.819078, -1.0088847, 1.4829748, -0.5841556, 1.416165, -0.7668214, 1.7679012, -1.1844271, 1.3118049, -0.8436681, 1.416473, -0.8928871, 1.9199501, -0.515262, 1.3099047, -0.9497655, 1.1899879, -0.84475374, 0.9366565, -0.8666164, 1.0991628]
[-1.231708, 0.9717577, -1.2380176, 1.0635395, -1.0029261, 1.3131977, -1.0503279, 1.3999741, -1.1026971, 1.2566115, -0.54296696, 1.4504608, -0.94076765, 1.3945119, -0.88977027, 1.4606847, -0.7439484, 1.506154, -0.7045595, 1.4446504, -1.0137606, 1.1682818, -0.88650227, 1.3378398, -0.7991329, 1.5613793, -0.7842043, 1.2969441, -0.96823585, 1.4939468, -0.88590014, 1.4307579, -0.68741816, 1.5095376, -0.8283783, 1.338403, -0.72603214, 1.3375514, -0.9856923, 1.3324144]
[-1.6117772, 0.94529897, -1.1479213, 1.1217474, -1.0674118, 1.3137407, -1.0928572, 1.3964883, -1.2573893, 1.1853102, 1.0724957, 2.7120752, -1.0631942, 1.2741883, -1.0294672, 1.3398898, -0.7528534, 1.4388028, -0.6250022, 1.5293787, -1.2142258, 1.1413293, -0.7970628, 1.4768509, -0.8892676, 1.4413201, -0.9082747, 1.2774354, -1.0203305, 1.4450501, -0.9414231, 1.3870028, -0.5755216, 1.4835678, -0.99134666, 1.4721689, -0.8110648, 1.3250655, -0.95509875, 1.048154]
[-0.7473528, 1.2667255, -0.679172, 1.2466677, -0.50465, 1.2751898, -0.8236764, 1.3085778, -0.67246765, 1.269362, -0.3287127, 1.3701454, -0.46631512, 1.3545445, -0.6280649, 1.2534051, -0.20874308, 1.424316, -0.36407748, 1.4446253, -0.6955528, 1.2006112, -0.50850683, 1.3395673, -0.44698352, 1.368779, -0.3402284, 1.396976, -0.35259873, 1.469382, -0.68973994, 1.3243444, -0.31400433, 1.4738666, -0.4767352, 1.409514, -0.25775656, 1.3713663, -0.6748731, 1.2715777]
[-1.4499391, 1.1093329, -0.98657733, 1.1604038, -0.94081014, 1.3441302, -1.0850598, 1.417998, -1.0120767, 1.363362, 1.5286022, 2.525722, -0.7215676, 1.3959941, -0.8778909, 1.3757253, -0.52265465, 1.6138767, -0.610578, 1.465642, -0.9196664, 1.43179, -0.64514655, 1.5614132, -0.5727454, 1.5298032, -0.6725759, 1.5772024, -0.7650977, 1.4665154, -0.792799, 1.4541177, -0.4447978, 1.5519037, -0.60954803, 1.3617697, -0.6168201, 1.4859654, -0.9633446, 1.5690016]
[-0.55147666, 1.841631, -0.30368206, 1.6074892, -0.29662174, 2.131134, -0.3874341, 1.245564, -0.5639398, 1.759847, 0.03627909, 1.5078752, 0.16123746, 0.5189194, 0.0, 0.0, -0.042466104, 1.707786, 0.0, 0.0, -0.23289181, 0.5689901, -0.1480009, 1.7910652, 0.0, 0.0, 0.13996895, 1.6334525, 0.0, 0.0, 0.0, 0.0, 0.0, 0.0, 0.0, 0.0, 0.0, 0.0, 0.0, 0.0]
[-0.8953359, 1.2874982, -0.6580787, 1.4090424, -0.758818, 1.4716885, -1.0086483, 1.403283, -0.8827174, 1.2848471, 0.31978384, 1.8173722, -0.6806273, 1.5923228, -0.8579164, 1.4895147, -0.6431843, 1.719484, -0.58036196, 1.5729058, -0.92875355, 1.3561118, -0.64529276, 1.4569663, -0.74710244, 1.5379934, -0.4046222, 1.5290594, -0.77148473, 1.5360054, -0.78788537, 1.4093063, -0.57060105, 1.581685, -0.7033933, 1.4455053, -0.5667585, 1.3660532, -0.8328641, 1.3367432]
[-0.72482234, 1.2522634, -0.7249664, 1.3474157, -0.99078804, 2.2811122, -1.0855527, 2.0456116, -0.7014903, 1.2718343, -0.7168936, 2.1248226, -0.20061715, 0.8319948, -0.265428, 0.5204041, -0.35445997, 1.4911118, 0.0, 0.0, -0.7220984, 1.5825647, -0.49848035, 1.504066, 0.0, 0.0, -0.43116093, 1.9612515, 0.0, 0.0, 0.0, 0.0, -0.63587666, 2.0937319, 0.0, 0.0, -0.011651738, 0.49830744, -0.558672, 0.9225012]
[-0.88136214, 1.4104818, -1.3204713, 1.3019445, -0.3624221, 1.5640413, -0.57467735, 1.6225182, -0.84373, 1.4437008, 0.8061583, 1.7342196, -0.23770158, 1.6475779, -0.3755053, 1.7731777, 0.017180195, 1.775597, -0.02848314, 1.7173058, -0.5047746, 1.5847563, -0.3332572, 1.6137124, -0.118999474, 1.765692, -0.5398483, 1.4623883, -0.23794971, 1.7506447, -0.43013653, 1.5985246, -0.100634985, 1.5624961, -0.20967561, 1.6707162, -0.032348495, 1.5478874, -0.42272156, 1.6573452]
[-1.4501411, 0.8844092, -1.2655891, 0.9285445, -0.92700064, 1.2941871, -1.0384201, 1.3099486, -1.1744744, 1.0330018, -0.37335122, 1.7220626, -0.8537637, 1.3128402, -0.93964773, 1.3472145, -0.7057398, 1.5110353, -0.7424334, 1.5304557, -1.0107453, 1.1418796, -0.8343063, 1.3871957, -0.7621518, 1.4837267, -0.79375714, 1.2459189, -0.85513633, 1.338141, -0.78172594, 1.3263747, -0.69016534, 1.5633792, -0.8565494, 1.344393, -0.76407, 1.3558116, -0.91393924, 1.1370832]
[-1.6548585, 0.68320984, -1.2091279, 0.87324935, -1.2511197, 1.1185862, -1.2101759, 1.0722169, -1.2963834, 0.9222307, 0.7054341, 2.6422672, -1.1313014, 1.2550137, -1.1264344, 1.2056305, -0.8859839, 1.4870645, -0.9948068, 1.472639, -1.1290078, 1.2683395, -0.9848365, 1.2987504, -0.9666751, 1.3605546, -1.1226279, 1.1306344, -1.0134315, 1.2439232, -1.1012738, 1.3889899, -0.8439243, 1.3876407, -0.84842056, 1.170997, -0.8328027, 1.173136, -1.0069954, 0.96223783]
[-0.99975526, 1.3616368, -1.3300701, 2.2728982, 0.0, 0.0, 0.0, 0.0, -0.54316086, 0.75247043, -0.571123, 1.32023, -0.37999007, 0.9237911, 0.0, 0.0, -0.41167524, 1.2434809, -0.2911142, 0.9621738, -1.0804375, 1.7207923, -0.33266354, 0.7794786, -0.3730912, 0.97705615, -0.48308158, 1.5088078, 0.0, 0.0, 0.0, 0.0, 0.0, 0.0, 0.0, 0.0, 0.0, 0.0, 0.0, 0.0]
[-0.4124933, 0.34883824, -0.9653001, 1.4945662, 0.0, 0.0, 0.0, 0.0, -0.5526126, 0.6637863, -0.020204246, 0.27734253, 0.06241965, 0.07834356, -0.23079193, 0.32910934, -0.031904105, 0.49167418, 0.0, 0.0, -0.53040355, 0.6031347, -0.12238531, 0.33355048, 0.0, 0.0, -0.01696783, 0.5758622, 0.0, 0.0, 0.0, 0.0, 0.0, 0.0, 0.0, 0.0, 0.0, 0.0, 0.0, 0.0]
[-1.7743908, 0.28317007, -1.4205066, 0.6826768, -1.4170926, 0.8152602, -1.2547797, 1.0013895, -1.4484406, 0.702217, -0.19452615, 2.176087, -1.3243843, 0.7548405, -1.295282, 1.1130867, -1.0243468, 1.2651339, -1.0865986, 1.2783185, -1.2941409, 0.9010216, -1.1229479, 1.1216491, -1.2355136, 1.2061204, -1.1574454, 1.0995067, -1.2324747, 1.1272694, -1.2678748, 0.95537174, -0.9827993, 1.2255135, -1.0694505, 0.98856205, -1.1967057, 1.2437373, -1.3155525, 0.944311]
[-1.4084649, 1.614123, -1.622688, 2.160905, 0.0, 0.0, 0.0, 0.0, -0.55926037, 0.61916286, -0.8423993, 1.3382888, -0.4938037, 0.8421329, 0.0, 0.0, -0.49425754, 1.1085732, -0.3385324, 0.8232642, -0.90140504, 1.0138292, -0.43770358, 0.7504919, -0.24885361, 0.5862977, -0.26251134, 0.8782475, 0.0, 0.0, 0.0, 0.0, 0.0, 0.0, 0.0, 0.0, 0.0, 0.0, 0.0, 0.0]
[-1.3821895, 1.1228607, -1.5932113, 0.73502207, -1.3679973, 1.0926461, -1.4603349, 1.0113219, -1.0354612, 1.2909266, -1.0145844, 1.5105551, -1.0991005, 1.363028, -1.4835949, 0.83233863, -0.8488474, 1.5855297, -0.9684637, 1.5410445, -1.2449515, 1.3517936, -1.0430737, 1.4385973, -0.96260864, 1.4846283, -0.9535867, 1.4310057, -1.1349951, 1.3965714, -1.1483767, 1.3384122, -0.91612214, 1.4182695, -0.8958158, 1.1587011, -0.87150675, 1.1669985, -1.0016472, 1.0468497]
[-0.12356509, -0.12656705, -0.21996622, 0.2641338, 0.0, 0.0, 0.0, 0.0, -0.26963606, 0.20414406, 0.14183016, 0.0075506433, 0.0, 0.0, 0.0, 0.0, 0.11218245, 0.24965224, 0.0, 0.0, -0.10658234, -0.08035045, -0.0005703604, 0.13661104, 0.0, 0.0, 0.18521, 0.24648614, 0.0, 0.0, 0.0, 0.0, 0.0, 0.0, 0.0, 0.0, 0.0, 0.0, 0.0, 0.0]
[-1.3805348, -0.11911047, -1.4127322, 0.37016478, -1.6164931, 1.0325944, -1.5761025, 1.1324632, -1.4395341, 0.4764436, -1.3170342, 1.1390085, -1.5115465, 1.4499651, -0.8735976, 0.97639704, -1.3403348, 1.5146031, -1.2721044, 1.439711, -1.6632532, 1.017161, -1.6465784, 1.5685599, -1.2157916, 1.2551186, -1.2900057, 1.6779672, -0.7973814, 0.5600241, 0.0, 0.0, 0.0, 0.0, 0.0, 0.0, 0.0, 0.0, -1.4072305, 0.98694324]
[-2.6070216, -1.6086632, -1.0589166, 0.8566974, -1.5706855, 0.86956775, -1.4729545, 1.6014688, -1.9019645, -0.6901055, -1.7784178, -0.007480443, -0.3776371, 2.3289065, 0.0, 0.0, -1.5299394, 0.8688929, -0.2715747, 0.526107, -0.5755482, 2.459477, -0.9231381, 1.8132591, -1.5761263, 2.0010815, -1.3858224, 0.41968858, -1.8327984, 0.5210487, 0.0, 0.0, 0.0, 0.0, 0.0, 0.0, 0.0, 0.0, 0.0, 0.0]
[-1.4000088, 1.0824801, -1.7986203, 0.37889236, -1.53417, 0.82416964, -1.526284, 0.85153985, -1.1236955, 1.2414964, -1.1038675, 1.3294952, -1.2558007, 1.305459, -1.4007066, 1.0333278, -0.9456365, 1.4274455, -1.0645573, 1.4442031, -1.2827693, 1.2354481, -1.1653994, 1.3258588, -1.0171329, 1.4412262, -1.1243526, 1.2903327, -1.1401057, 1.2250801, -1.1632843, 1.2462697, -0.9878368, 1.39709, -1.1872578, 1.1254678, -0.94494975, 1.0709168, -1.1351885, 0.8288124]
[-0.7326968, 1.059466, -0.29957855, 1.2049127, -1.4544975, 0.89178175, -1.4256655, 0.7864586, -0.31347877, 1.2340903, 3.0934663, 2.8399677, -1.2221146, 0.88800406, -0.37981623, 1.2073305, 2.5685856, 2.8086176, -0.7724988, 0.99877113, -1.3237808, 0.94831294, -0.7414749, 1.1052009, -0.50103945, 1.1817446, -1.7362052, 0.752795, -0.3718649, 1.3519009, -0.5047662, 1.1680685, -0.9260565, 1.0866722, -0.5263186, 1.2591968, -0.90812176, 1.166525, -0.76995003, 1.076008]
[-0.88205516, 1.0966158, -1.5735558, 2.4341586, 0.0, 0.0, 0.0, 0.0, -0.5628037, 0.6823614, -0.38424248, 0.8553884, -0.1666158, 0.46735346, 0.0, 0.0, -0.32698923, 0.97312224, -0.087713435, 0.5071395, -0.6877394, 0.86270297, -0.18518987, 0.44273585, 0.0, 0.0, -0.43010354, 1.2373095, 0.0, 0.0, 0.0, 0.0, 0.0, 0.0, 0.0, 0.0, 0.0, 0.0, 0.0, 0.0]
[-1.1713135, 0.99373746, -1.5507218, 0.761039, -1.4504313, 0.85233516, -1.4128258, 0.9214647, -0.9215143, 1.2109021, 0.15969504, 2.1372578, -0.74299747, 1.3488631, -1.1355727, 1.0268769, -0.7733384, 1.4026141, -0.73517334, 1.4288812, -0.9650412, 1.2896557, -0.8314957, 1.3690344, -0.70427924, 1.4552232, -0.71031964, 1.405442, -0.8765998, 1.2896894, -0.9061099, 1.218144, -0.64795995, 1.4463716, -0.932543, 1.182414, -0.83422816, 1.1396139, -1.0208654, 1.0468446]
[-1.1977475, 1.3812354, -0.85438985, 1.3548335, -0.5531725, 1.5729946, -0.5448606, 1.6327095, -0.8822303, 1.4237998, 0.93122154, 1.8805196, -0.3158848, 1.5786066, -0.3687427, 1.7103872, -0.13784473, 1.7079774, -0.23308314, 1.8538315, -0.5100101, 1.4615966, -0.3990951, 1.717194, -0.23762658, 1.8416324, -0.38969457, 1.4277793, -0.38419628, 1.5860207, -0.49236155, 1.5645938, -0.21151857, 1.6866987, -0.44554168, 1.5932086, -0.18311146, 1.412057, -0.5076403, 1.423592]
[-0.4787768, 1.1381043, -4.434104, -0.7238975, 0.18790516, 1.3538027, -0.016648065, 1.5205345, -0.90752226, 0.8324388, 2.47883, 3.935302, -0.71113837, 0.94834524, -1.3903486, 0.4660941, -1.275235, 0.5604794, -1.274398, 0.71572906, -2.4446034, 0.03626346, -1.1922961, 0.6603633, -1.6011331, 0.649072, -1.388453, 0.5998041, 0.11224585, 1.4655254, -1.361083, 0.7440252, 0.16124111, 1.6076734, -0.11376234, 1.3274913, -0.04857697, 1.5248765, 0.4391914, 1.753184]
[-1.067059, 0.42015263, -1.0376378, 0.82844776, -1.8518938, 1.5251689, -1.1841086, 0.8507047, -1.0237591, 0.8611879, -1.2708085, 1.2269812, -0.47404182, 0.41313687, 0.0, 0.0, -1.0251237, 1.2357916, 0.0, 0.0, -1.0729127, 0.74264777, -1.1679823, 1.1310238, 0.0, 0.0, -1.0898774, 1.3628424, -1.5000964, 1.3213693, 0.0, 0.0, 0.0, 0.0, 0.0, 0.0, 0.0, 0.0, 0.0, 0.0]
[-0.9808317, 1.2610677, -1.4912584, 2.3015773, 0.0, 0.0, 0.0, 0.0, -0.7290685, 0.9995568, -0.8580236, 1.7539471, -0.36381924, 0.8249789, 0.0, 0.0, -0.50496185, 1.2817779, -0.17750768, 0.68278444, -0.8987198, 1.2585304, -0.32064676, 0.62474036, -0.37359154, 0.86960506, -0.44137752, 1.3566139, 0.0, 0.0, 0.0, 0.0, 0.0, 0.0, 0.0, 0.0, 0.0, 0.0, 0.0, 0.0]
[-1.5262187, 0.50993377, -1.8949101, -0.09691536, -1.007728, 1.005108, -1.2743789, 0.8255977, -1.0107715, 1.2494755, 0.22434244, 2.8987834, -1.1345104, 1.0471505, -1.2388628, 0.8483656, -0.9906911, 1.2614261, -0.99628854, 1.370718, -1.4345317, 0.6351919, -1.2887397, 0.7168269, -1.0493915, 1.3648652, -1.2288089, 0.9885991, -1.1803408, 1.1608635, -1.002427, 1.0859896, -1.0241604, 1.4710755, -1.1283569, 1.2812984, -1.2225891, 1.0580062, -1.0175676, 1.1298692]
[-1.9080971, -0.13954894, -1.1741912, 1.1270454, -1.5713391, 1.3448998, -1.6528189, 1.414938, -1.25959, 0.8351754, -1.2757905, 1.1237255, -1.290945, 0.9636711, 0.0, 0.0, -0.84933114, 1.587212, 0.0, 0.0, -1.4656984, 1.1161606, -1.3517262, 1.647114, -1.2535537, 1.5501112, -1.163256, 1.2787877, -0.38192254, 0.31633523, 0.0, 0.0, 0.0, 0.0, 0.0, 0.0, 0.0, 0.0, 0.0, 0.0]
[0.064956754, 1.2077582, -4.5913653, 3.3252866, 1.1817696, 2.3909576, 1.2787901, 2.0152638, 1.5390177, 3.6050777, 2.5991855, 3.6498966, 0.46200332, 1.5271819, 0.29112673, 1.937211, 0.71853507, 2.4180949, 0.47237176, 1.5745378, -0.5271965, 2.0626533, 0.25290516, 1.6432031, 0.48651722, 2.3181138, -0.2975139, 1.8346696, 1.1524184, 1.7566557, 0.0, 0.0, 0.45812872, 1.3594345, 0.80775726, 1.5723232, 1.0397558, 1.4648727, 0.780966, 1.5975785]
[-1.1757107, 0.55879354, -0.5610409, 1.5908065, -1.6424593, 0.12845644, -1.6145222, 0.23729217, -0.83151704, 1.3988482, -4.7376704, -3.1107893, -1.2962292, 0.62953585, -0.66094744, 1.9479815, -0.6593493, 1.8215518, -0.6636687, 1.8241401, -0.6505603, 1.2824801, -0.753585, 1.9171244, -0.4448458, 2.2246542, -0.6862301, 1.649331, -1.3111686, 0.4838824, -0.895785, 1.5983831, -1.0953858, 0.7253186, -1.188803, 0.9362802, -1.2090486, 1.093024, -1.1068772, 0.5261035]
[-2.3790414, 0.58306146, -0.9540116, 0.9417463, -0.45076767, 1.628755, -0.87750155, 1.7798818, -1.4235823, 0.7115442, -0.025008472, 1.6328205, -0.5603813, 1.0644389, 0.0, 0.0, 0.056398757, 2.2698104, -0.28862086, 1.5630012, -0.18315798, 2.16359, -0.23550922, 2.3189902, -0.49016258, 1.5933237, -0.076098576, 1.5723759, 0.11906733, 2.328063, 0.0, 0.0, 0.0, 0.0, 0.0, 0.0, -0.04796868, 0.7004572, 0.0, 0.0]
[-0.30142006, 0.24732503, -0.7558807, 1.2815225, -0.12306878, 0.114978336, 0.0, 0.0, -0.36289865, 0.3950259, -0.028505672, 0.33794394, 0.11191637, 0.03229439, -0.16667563, 0.23687987, 0.051016998, 0.3785675, 0.0, 0.0, -0.41913027, 0.49854648, -0.12113269, 0.36435392, 0.0, 0.0, 0.031890266, 0.5647101, 0.0, 0.0, 0.0, 0.0, 0.0, 0.0, 0.0, 0.0, 0.0, 0.0, 0.0, 0.0]
[-0.18792024, 1.4841795, -0.5205277, 1.4820763, 0.106460676, 1.4188062, -0.22993185, 1.4546498, -0.5582235, 1.4019276, 1.7180344, 1.2998495, 0.114781335, 1.4784843, -0.023194015, 1.4289539, 0.32527024, 1.407435, 0.2647204, 1.3793813, -0.07832655, 1.4834225, 0.11528219, 1.4539729, 0.04387786, 1.3717064, 0.17894964, 1.4348451, 0.142925, 1.4720212, -0.22514518, 1.5002836, 0.096081674, 1.4912584, -0.008666781, 1.4384941, 0.2572982, 1.3463633, -0.07257506, 1.5081898]
[-1.4084649, 1.614123, -1.622688, 2.160905, 0.0, 0.0, 0.0, 0.0, -0.55926037, 0.61916286, -0.8423993, 1.3382888, -0.4938037, 0.8421329, 0.0, 0.0, -0.49425754, 1.1085732, -0.3385324, 0.8232642, -0.90140504, 1.0138292, -0.43770358, 0.7504919, -0.24885361, 0.5862977, -0.26251134, 0.8782475, 0.0, 0.0, 0.0, 0.0, 0.0, 0.0, 0.0, 0.0, 0.0, 0.0, 0.0, 0.0]
[-1.2688216, 1.1514039, -1.3259751, 0.9928183, -1.2530483, 1.1248734, -1.2905232, 1.067389, -1.1797761, 1.3439786, -1.0211526, 1.3265473, -1.051899, 1.3045939, -1.2480662, 1.2277792, -0.8792771, 1.4670577, -0.98126394, 1.4379377, -1.2206129, 1.2605864, -0.97193736, 1.3511689, -1.0646093, 1.5233425, -1.0491822, 1.521971, -1.0535432, 1.2454859, -1.1148214, 1.2723958, -0.77222204, 1.2550138, -1.1141485, 1.3026786, -0.9591194, 1.1376221, -1.0925069, 0.9715972]
[-0.7044931, 1.3816048, -0.5989959, 1.4184026, -0.6226724, 1.3385663, -0.71307695, 1.3863506, -0.7022655, 1.422314, -0.39980254, 1.4092914, -0.42043638, 1.4482449, -0.5300831, 1.3877794, -0.3613593, 1.4863969, -0.37020424, 1.491897, -0.6590379, 1.3940121, -0.52260435, 1.4339664, -0.42408285, 1.5044341, -0.29194435, 1.5001538, -0.5307042, 1.4163945, -0.64846015, 1.4319583, -0.32867414, 1.5304372, -0.5075933, 1.4477583, -0.37023875, 1.4510568, -0.7168745, 1.3802966]
[-1.4661299, 0.8503184, -1.2363969, 0.92144847, -1.0922469, 1.1401243, -1.132832, 1.2511675, -1.237521, 1.0470188, -0.084444374, 1.8934574, -0.9749526, 1.3276764, -1.0162759, 1.3066583, -0.957913, 1.5291554, -0.84831005, 1.4636384, -1.2275532, 1.2351985, -0.9207522, 1.2654291, -0.83021444, 1.4557616, -0.8989176, 1.3110367, -1.0306568, 1.3074728, -1.0417427, 1.4077935, -0.86749214, 1.5540832, -0.9442426, 1.3314686, -0.8781895, 1.2711968, -1.0874935, 1.1791016]
[-0.9614136, 1.4329761, -0.82759714, 1.2850063, -0.58751214, 1.0429171, -1.0888041, 1.7158804, -0.558197, 0.7836612, -0.741211, 1.6949301, -0.57003284, 1.3443285, 0.0, 0.0, -0.31576034, 1.046246, -0.35806143, 1.1136111, -0.8509883, 1.2961532, -0.44849908, 0.98736405, -0.36330009, 0.9696584, -0.5683666, 1.6543846, 0.0, 0.0, 0.0, 0.0, 0.0, 0.0, 0.0, 0.0, 0.0, 0.0, 0.0, 0.0]
[-1.0522734, 1.1741809, -1.2576516, 1.1041481, -0.91520107, 1.2635576, -1.2460648, 1.0378872, -0.6709588, 1.5138857, -5.5649934, -2.007519, -1.03065, 1.053851, -0.24623848, 2.1877654, -0.28901562, 1.935091, -0.3665773, 1.981473, -1.220195, 1.2463783, -0.3731299, 2.2587295, -0.42349267, 1.9361606, -0.39039648, 1.9148053, -1.3781254, 0.87799144, -0.55516696, 1.7475318, -0.9059172, 1.1852777, -0.75255436, 1.2033828, -1.2393422, 0.7110648, -1.1143687, 1.1975784]
[-0.9576842, 1.3785138, -0.8365781, 1.3920449, -0.452854, 1.6547997, -0.51058215, 1.5870332, -0.66438925, 1.4650517, 0.82460076, 1.674126, -0.21196015, 1.6443675, -0.3445349, 1.6709863, -0.105943374, 1.6731409, -0.11875042, 1.7937726, -0.38691777, 1.590093, -0.26583865, 1.6193545, -0.21246909, 1.5350192, -0.34360665, 1.5484955, -0.29886195, 1.7271044, -0.3056091, 1.6189375, -0.1710333, 1.7291558, -0.27023122, 1.6569515, -0.09242038, 1.6945192, -0.41332093, 1.5811431]
[-1.042094, 0.40618414, -1.0910157, 0.87249136, -1.8208925, 1.4527247, -1.460587, 1.0812699, -1.1774471, 0.9671808, -1.0328045, 0.9793191, -0.7226873, 0.6080496, 0.0, 0.0, -1.2153262, 1.375616, 0.0, 0.0, -1.3992778, 1.0168272, -1.3987459, 1.3458065, 0.0, 0.0, -1.0519699, 1.3069605, -1.2385648, 1.1126866, 0.0, 0.0, 0.0, 0.0, 0.0, 0.0, 0.0, 0.0, 0.0, 0.0]
[-1.0614202, 1.4761618, -0.9891875, 1.4822022, -0.81509596, 1.201304, -0.9611663, 1.1846163, -1.2713598, 1.9740148, -0.6796913, 1.4408773, -0.7890363, 1.605119, -1.0718906, 1.7073686, 0.0, 0.0, -0.40999195, 1.1303787, -1.5233067, 2.4372401, -0.53125906, 1.0739892, -0.9994993, 2.025353, -0.6183234, 1.6100578, 0.0, 0.0, -0.76923937, 1.2985218, 0.0, 0.0, -0.28564477, 0.5308495, -0.16567813, 0.4959308, 0.0, 0.0]
[-1.2480515, 1.0255433, -1.625468, 0.6541812, -1.296005, 1.0303472, -1.4935449, 0.9566143, -1.0132107, 1.5155567, -0.98782885, 1.4147016, -0.9431513, 1.418258, -1.3131449, 0.90333015, -0.85049623, 1.585066, -0.8949783, 1.4630795, -1.0578922, 1.3710649, -0.9090021, 1.4891621, -0.885679, 1.5013028, -1.0300217, 1.4308277, -0.98443407, 1.4150746, -1.035037, 1.3030039, -0.8768165, 1.5791543, -1.0673147, 1.1654133, -0.96749836, 1.4306267, -1.0422703, 1.0404948]
[-1.4367166, 0.1315284, -1.1858045, 1.3255659, -1.546305, 1.2565705, -1.3930317, 1.0924461, -1.4830452, 0.62103057, -1.1652122, 0.9587455, -1.3423377, 0.8372421, 0.0, 0.0, -1.1099854, 1.4420619, 0.0, 0.0, -1.3782316, 1.0330056, -1.6055288, 1.5873553, -1.0536431, 1.1252015, -1.2547969, 1.0518392, -1.0304294, 0.8500208, 0.0, 0.0, 0.0, 0.0, 0.0, 0.0, 0.0, 0.0, -1.2617381, 0.858713]
[-1.3030152, 1.0008918, -1.2138897, 0.9380588, -1.0299625, 1.3903608, -1.069521, 1.3478496, -1.0594743, 1.0819591, 0.10668258, 1.9133809, -0.98287344, 1.4363245, -0.95986676, 1.4390945, -0.743391, 1.428494, -0.6942056, 1.531089, -0.9834068, 1.1791788, -0.8671982, 1.4001545, -0.7495261, 1.4710455, -0.8132048, 1.3153893, -0.9305192, 1.4673679, -0.9595569, 1.4775828, -0.70120883, 1.3798658, -0.8173072, 1.4483598, -0.8234947, 1.419855, -1.0141089, 1.3016765]
[-1.2410154, 1.2583125, -1.7375566, 0.96761346, -0.74419886, 1.4922874, -0.64221925, 1.5798151, -0.9505134, 1.3137957, 1.7456447, 2.3460805, -0.5798362, 1.5549526, -0.56420475, 1.5962663, -0.3683712, 1.756629, -0.29205057, 1.6155715, -0.80627704, 1.5823944, -0.48129946, 1.619011, -0.42249218, 1.6758404, -0.7388229, 1.3703791, -0.59248763, 1.5559633, -0.5676392, 1.501141, -0.33604434, 1.6548936, -0.487161, 1.3909441, -0.460466, 1.4978104, -0.71817, 1.5084957]
[-0.72780895, 1.147458, -1.2297004, 2.209126, 0.0, 0.0, 0.0, 0.0, -0.43351337, 0.5625025, -0.618747, 1.599519, -0.06218699, 0.38615686, 0.0, 0.0, -0.32059598, 1.121338, -0.088890605, 0.61868554, -0.7830211, 1.2756857, -0.40705195, 0.97338986, -0.29022536, 0.8772647, -0.2931128, 1.2308084, 0.0, 0.0, 0.0, 0.0, 0.0, 0.0, 0.0, 0.0, 0.0, 0.0, 0.0, 0.0]
[-0.79733425, 1.4303832, -0.7733005, 1.5804346, -0.5028501, 1.8415874, -0.5487283, 1.0606827, -0.73930925, 1.6572498, -0.4620109, 2.2957213, -0.21403927, 1.2243396, 0.0, 0.0, -0.19157802, 1.2957301, -0.23338759, 1.5674227, -0.6082655, 1.5077645, -0.42857495, 1.8392519, -0.3631447, 1.796474, -0.3640944, 1.7715067, -0.36431023, 1.2698675, 0.0, 0.0, 0.0, 0.0, 0.0, 0.0, 0.0, 0.0, 0.0, 0.0]
[-0.79733425, 1.4303832, -0.7733005, 1.5804346, -0.5028501, 1.8415874, -0.5487283, 1.0606827, -0.73930925, 1.6572498, -0.4620109, 2.2957213, -0.21403927, 1.2243396, 0.0, 0.0, -0.19157802, 1.2957301, -0.23338759, 1.5674227, -0.6082655, 1.5077645, -0.42857495, 1.8392519, -0.3631447, 1.796474, -0.3640944, 1.7715067, -0.36431023, 1.2698675, 0.0, 0.0, 0.0, 0.0, 0.0, 0.0, 0.0, 0.0, 0.0, 0.0]
[-0.47488636, 1.2842342, -0.88109624, 2.7814417, -0.12054268, 0.39071965, 0.0, 0.0, -0.36560604, 0.6350547, -0.27400395, 1.6642913, 0.01691582, 0.6551559, 0.0, 0.0, -0.12609309, 1.188259, 0.025091343, 0.6559006, -0.4620134, 1.3626026, -0.10642318, 0.57109725, -0.21552174, 1.0684526, -0.07919231, 1.2965598, 0.0, 0.0, 0.0, 0.0, 0.0, 0.0, 0.0, 0.0, 0.0, 0.0, 0.0, 0.0]
[-1.479919, -0.37817726, -1.6813898, 0.24547799, -2.1597273, -0.021205613, -1.8308303, 0.13300614, -1.3228698, 0.012223814, -1.7004344, 0.030504847, -1.4132268, -0.21648212, -0.5399332, 0.17803866, -1.8060466, 0.37920702, 0.0, 0.0, -1.4766027, 0.005494201, -2.1816406, 0.3197541, -1.4789184, 0.32749474, -1.7544549, 0.3119648, -1.3274124, 0.04193596, 0.0, 0.0, 0.0, 0.0, 0.0, 0.0, 0.0, 0.0, 0.0, 0.0]
[-1.1933031, 1.1685592, -0.9373868, 1.168081, -0.7850513, 1.3991598, -0.9063695, 1.3673218, -0.9259971, 1.2648717, 0.26150608, 1.8477157, -0.6615579, 1.4573625, -0.72651625, 1.5263776, -0.58400935, 1.6389596, -0.55341685, 1.6264213, -0.88942885, 1.3571806, -0.6178874, 1.5117209, -0.62557644, 1.6104884, -0.6182492, 1.5263544, -0.6887631, 1.506205, -0.7101856, 1.5803393, -0.4204908, 1.4358814, -0.62881577, 1.4147354, -0.5976586, 1.6398286, -0.80118084, 1.3140024]
[1.5520287, -1.4497718, 1.5014929, -1.6673113, 1.5923953, 0.017544536, 1.7386883, -0.23655343, 1.7199696, -0.49266762, 2.3274183, 2.904068, 1.499475, -1.1009293, 1.726493, -0.3390821, 1.7371267, -0.14662656, 1.6855434, -0.28058463, 1.6084497, -0.4645888, 1.6464353, -0.21707265, 1.6696141, -0.22954771, 1.6369967, -0.44933957, 1.6709701, -0.36104724, 1.5227499, -0.6044269, 2.2572346, 0.015265019, 1.8273995, -0.2695249, 1.6199735, -0.27481562, 1.7577916, -0.325769]
[-1.3096921, 0.9369893, -1.1904244, 1.0833317, -1.1684797, 1.2491028, -1.2421892, 1.1698338, -1.2540563, 1.0893462, -0.03122354, 2.1101742, -0.940686, 1.3516705, -1.0798616, 1.4153697, -0.73093987, 1.4086008, -0.87206936, 1.4553237, -1.0379502, 1.1277058, -0.9914484, 1.3680878, -0.99691916, 1.5543884, -0.8143719, 1.2858982, -0.9985019, 1.3875732, -1.0248804, 1.2971171, -0.6826008, 1.3561507, -0.9679168, 1.2587284, -0.83006805, 1.2359376, -0.9664822, 1.1213614]
[-0.5305147, 1.1809156, -0.8484279, 2.1614604, 0.0, 0.0, 0.0, 0.0, -0.58937424, 1.2365257, -0.33252016, 1.501044, -0.02554612, 0.6463954, 0.0, 0.0, -0.17397776, 1.1854417, 0.032602116, 0.4975988, -0.44837523, 0.97414315, -0.32678333, 1.1614299, -0.19318655, 0.8822379, -0.3127482, 1.7869536, 0.0, 0.0, 0.0, 0.0, 0.0, 0.0, 0.0, 0.0, 0.0, 0.0, 0.0, 0.0]
[-1.6677234, 0.51385653, -1.3705269, 0.79743844, -1.2393538, 1.1027892, -1.2138157, 1.136752, -1.308744, 0.91525257, -0.51630634, 1.6627706, -1.3179351, 1.0495435, -1.1648505, 1.2724941, -1.0468178, 1.3480355, -0.98982036, 1.3226128, -1.3866743, 0.99484843, -1.1027411, 1.1361456, -1.0624921, 1.3533435, -1.0258459, 1.0782326, -1.119542, 1.1967666, -1.1622611, 1.2089092, -0.9880076, 1.3390926, -1.0854034, 1.1756042, -1.1467513, 1.244118, -1.237208, 1.0653833]
[-0.54759574, 1.9101855, -0.14606938, 2.4541721, -1.1036193, 1.788685, -1.682177, 2.2623734, -1.1601825, 2.205797, -0.26025078, 1.9558992, 0.10353092, 1.6486615, 1.2040651, 1.8540516, 0.06293776, 1.8120319, 2.6984334, 2.215929, -0.113384835, 1.5751902, -0.033215586, 1.6633421, -0.08134107, 2.0097454, 2.7468224, 1.8483312, -0.99581254, 1.8699588, 1.5715489, 1.3907238, -0.53549767, 1.9240733, -0.6257335, 1.7351028, -0.21108098, 1.6430115, -0.6392054, 1.4903013]
[-1.9571308, -0.3920764, -2.0251215, 0.08922322, -1.1350435, -0.21165566, -1.2184839, -0.015219879, -1.4813613, 0.09802088, -1.0460684, -0.1835752, -1.0539602, -0.32321206, 0.0, 0.0, 0.0, 0.0, 0.0, 0.0, -0.54821855, -0.1312464, -0.7094662, 0.08078975, 0.0, 0.0, -0.7211682, 0.14842854, 0.0, 0.0, 0.0, 0.0, 0.0, 0.0, 0.0, 0.0, 0.0, 0.0, 0.0, 0.0]
[-1.3863902, 1.0705085, -1.5302862, 0.9361277, -1.0181606, 1.3596112, -0.92130977, 1.5121548, -1.0801601, 1.2853849, -0.34291226, 1.7013192, -0.76236254, 1.5911133, -0.6690369, 1.5862755, -0.5624139, 1.6920456, -0.52883947, 1.7089167, -0.9943207, 1.4116714, -0.89151967, 1.4796773, -0.6465527, 1.6114573, -0.8461045, 1.3435304, -0.68649566, 1.4599378, -0.77009284, 1.6045204, -0.6361852, 1.6802516, -0.6864138, 1.3904696, -0.56436425, 1.4529588, -0.8591316, 1.4676713]
[-1.3786547, 1.0619025, -1.2348065, 1.0826849, -0.9618754, 1.2568034, -0.94576436, 1.4564285, -1.043601, 1.1138244, 0.39773637, 2.0035794, -0.8049993, 1.4580166, -0.7803444, 1.5163773, -0.62005764, 1.4666594, -0.5386535, 1.6000094, -0.9639166, 1.2721021, -0.7603253, 1.4827187, -0.7284755, 1.5244335, -0.7440739, 1.4336941, -0.7637927, 1.3977783, -0.8976886, 1.4554507, -0.6372984, 1.680326, -0.6656299, 1.3611009, -0.5399676, 1.2779529, -0.8795916, 1.2549322]
[-1.7139584, 0.604125, -1.4100266, 0.84072113, -1.1710923, 1.2182516, -1.1634732, 1.3274298, -1.390398, 0.85601765, 0.46910408, 2.3873525, -1.0207475, 1.2722272, -0.9485808, 1.2891186, -0.8968487, 1.5623081, -0.79391754, 1.4260534, -1.1488466, 1.1473135, -0.95163375, 1.367718, -0.90797347, 1.5199983, -1.0548594, 1.2668893, -0.96004313, 1.3194015, -1.0853055, 1.327199, -0.81550384, 1.4569389, -0.8602846, 1.2167572, -0.8257985, 1.3078386, -0.9924243, 1.0227408]
[-1.0041295, 1.4129353, -1.2261739, 2.0639634, 0.0, 0.0, 0.0, 0.0, -0.7273357, 1.041865, -0.77640164, 1.6561906, -0.3097698, 0.7817333, 0.0, 0.0, -0.28034008, 0.9488917, -0.15958607, 0.68512475, -0.6846259, 0.9413163, -0.5374978, 1.0986514, -0.23936322, 0.6925166, -0.23243377, 0.9798806, 0.0, 0.0, 0.0, 0.0, 0.0, 0.0, 0.0, 0.0, 0.0, 0.0, 0.0, 0.0]
[-1.3440174, 0.9032134, -1.112204, 1.0613797, -1.1476681, 1.1786218, -1.1198101, 1.1718456, -1.2358298, 1.0300174, 0.41980454, 2.47658, -0.99239904, 1.1982678, -1.031269, 1.283141, -0.78645414, 1.4882231, -0.9814106, 1.4114935, -1.2335306, 1.2273686, -0.96645004, 1.3099183, -0.83786523, 1.2889539, -0.8480331, 1.2370012, -1.0775647, 1.3053644, -1.1686652, 1.3244891, -0.8076489, 1.348307, -0.89607435, 1.1738034, -0.87478244, 1.2697059, -1.1384412, 1.1472684]
[-1.343478, 1.0207201, -1.060574, 1.1227725, -1.1603701, 1.2533797, -1.1227847, 1.228817, -1.1123403, 1.0541667, 0.30202046, 2.0693445, -0.9156805, 1.3793049, -1.0044651, 1.2461369, -0.8033908, 1.4413735, -0.8544287, 1.4659077, -1.05096, 1.1493326, -0.8817732, 1.2966644, -0.96382207, 1.4349294, -0.859423, 1.2297857, -1.0581008, 1.3996629, -0.9865974, 1.2861629, -0.7993133, 1.4659226, -0.9246274, 1.3194443, -0.8689099, 1.2719512, -1.1172649, 1.1951737]
[-1.5462576, 0.83580995, -1.4092104, 0.73485345, -1.4565151, 0.9519588, -1.477431, 0.91806036, -1.3149937, 1.0459356, -1.2538496, 1.2760676, -1.3238237, 1.144012, -1.3933809, 1.0923387, -1.1279844, 1.352075, -1.2149175, 1.1794171, -1.4439341, 1.0809488, -1.3122277, 1.2879026, -1.2985579, 1.3647436, -1.1721534, 1.2795017, -1.30449, 1.1783799, -1.3086802, 1.1475803, -1.0609629, 1.2210486, -1.2013744, 1.083017, -1.3556463, 1.1898694, -1.3029163, 0.98936385]
[-0.96775776, 1.1965727, -1.7109818, 2.581614, 0.0, 0.0, 0.0, 0.0, -0.6732387, 0.83860767, -0.728324, 1.3854542, -0.068373986, 0.27669477, 0.0, 0.0, -0.39262763, 1.041157, -0.08867186, 0.5039024, -0.86741805, 1.119312, -0.4668605, 0.8475143, -0.21170488, 0.58070827, -0.3325943, 1.0664684, 0.0, 0.0, 0.0, 0.0, 0.0, 0.0, 0.0, 0.0, 0.0, 0.0, 0.0, 0.0]
[-1.4284562, 0.9349431, -2.7450953, 0.30956835, -0.736196, 1.2958026, -0.8440337, 1.3321451, -0.5314022, 1.5463499, 1.4790815, 2.6614897, 0.3575511, 1.7590506, -1.1457263, 1.1296532, -0.22998439, 1.5552404, -0.124264814, 1.6022652, -0.81069285, 1.3103923, -1.1067306, 1.2058814, -0.31827638, 1.5139455, -0.559975, 1.400445, -0.48441815, 1.4741224, -0.30400348, 1.4459884, -0.31798202, 1.5130483, -0.49182606, 1.2119482, -0.7084422, 1.3320264, -0.14089198, 1.277335]
[-0.5077905, 1.5449617, -4.276021, 1.063607, 0.3715851, 1.9724017, 0.18473792, 1.8949013, 0.036463447, 2.1103003, 1.7314388, 2.8826406, -0.5061018, 1.3197867, -0.22353506, 2.2314377, 0.034150753, 2.188788, 0.08812277, 1.8826265, -1.6566132, 1.0800927, -0.06402134, 2.0276191, -0.14957158, 2.230277, -1.0908625, 1.3845795, 0.31194577, 1.2886113, -0.13505906, 1.5895606, 0.52312136, 1.2108412, 0.15626796, 1.3834523, 0.26973566, 1.1523961, 0.08797699, 1.0785949]
[-0.99434406, 1.0592401, -0.98490506, 1.1274971, -0.18873283, 0.18975097, 0.0, 0.0, -0.66282904, 0.8331302, -0.8478829, 1.5829756, -0.89018446, 1.5484338, 0.0, 0.0, -0.60123605, 1.4164151, -0.31087387, 0.8525927, -0.9403331, 1.0881269, -0.70213044, 1.2096081, -0.6450866, 1.2636826, -0.647737, 1.532684, 0.0, 0.0, 0.0, 0.0, 0.0, 0.0, 0.0, 0.0, 0.0, 0.0, 0.0, 0.0]
[-1.1545502, 0.69568765, -1.0425273, 0.9837323, -1.8709608, 1.7283827, 0.0, 0.0, -1.2595613, 1.1562482, -1.2205102, 1.3302668, -0.5752741, 0.6000932, 0.0, 0.0, -0.91077954, 1.2388203, 0.0, 0.0, -1.468961, 1.2366678, -0.93938535, 1.0214835, 0.0, 0.0, -0.90673584, 1.3317949, -0.9832208, 1.0120046, 0.0, 0.0, 0.0, 0.0, 0.0, 0.0, 0.0, 0.0, 0.0, 0.0]
[-0.76565886, 1.1494268, -1.7025988, 0.30336347, -2.3652642, -0.23778234, -2.5860884, -0.45500988, -0.5453722, 1.3783201, 0.2896693, 1.8703864, -0.30589262, 1.3038647, -1.3708291, 0.42083994, -0.019163884, 1.6665504, -0.34572408, 1.2667828, 0.0048729894, 1.4119003, -0.06223224, 1.4605148, -0.19292513, 1.6190232, -1.0335801, 0.9028474, -0.46479955, 1.5248315, -0.48140115, 1.1510248, -0.5943252, 1.2720971, -0.72887015, 0.9006061, -0.45470253, 1.1932019, -0.5974542, 1.1134555]
[-1.211533, 1.2194803, -1.2136995, 1.1310016, -0.83028394, 1.4839184, -0.86500496, 1.4767268, -1.010864, 1.2187835, 0.32290897, 1.7840996, -0.6297718, 1.5220447, -0.70660985, 1.5183643, -0.5178025, 1.6652311, -0.48171714, 1.650502, -0.8254685, 1.3412759, -0.7103154, 1.5283773, -0.52389973, 1.6003735, -0.6052901, 1.4746622, -0.66462797, 1.5881735, -0.7148954, 1.6448994, -0.5076187, 1.6158531, -0.71569556, 1.6250855, -0.50350106, 1.4301465, -0.7380382, 1.3543657]
[-1.2181568, 1.6371467, -1.3801659, 1.9652263, -1.0229446, 1.6967131, -0.91768855, 1.1233562, -1.2513016, 1.5674913, -0.7452027, 1.6676148, -0.5985465, 1.1118791, 0.0, 0.0, -0.44750887, 1.4029964, 0.0, 0.0, -0.83819693, 1.0546343, -0.78934467, 1.7021691, -0.24934655, 0.62606925, -0.9598413, 1.9829332, -0.32153094, 0.5428157, 0.0, 0.0, 0.0, 0.0, 0.0, 0.0, 0.0, 0.0, 0.0, 0.0]
[-2.3315997, -0.3915082, -1.8549877, 0.72532296, -1.3916831, 0.7178815, 0.0, 0.0, -1.5244143, 0.507035, -1.1585392, 0.6124674, -1.2470251, 0.6492965, 0.0, 0.0, 0.0, 0.0, -0.30939567, 3.7411678, -1.2112043, 0.4509314, 0.0, 0.0, 0.0, 0.0, -1.1833419, 0.8397467, 0.0, 0.0, 0.0, 0.0, 0.0, 0.0, 0.0, 0.0, 0.0, 0.0, 0.0, 0.0]
[-0.20781517, 1.3492271, -1.8603312, 0.8745517, -2.625671, 0.558619, -2.4853718, 0.64768416, 0.1298802, 1.5092305, 0.41303346, 1.4889687, 0.06900691, 1.3628396, -0.90537244, 1.0817133, 0.44583577, 1.5496702, 0.18733077, 1.5502102, 0.018593377, 1.50346, 0.33298653, 1.5971912, -0.0066357628, 1.3820474, -0.912307, 1.1829381, 0.048956525, 1.4962164, -0.17636001, 1.2981111, 0.4180007, 1.7659132, -0.64184165, 1.0987185, -0.0040803165, 1.4609704, -0.25355655, 1.3975644]
[-1.3058257, 1.1360464, -1.1983119, 1.1149222, -0.8887825, 1.452067, -0.9778022, 1.495544, -1.1068406, 1.2987105, -0.052188158, 1.8294888, -0.7329608, 1.5420492, -0.7058266, 1.6191833, -0.58650196, 1.6928631, -0.63148886, 1.7553223, -0.9201004, 1.3964959, -0.7635794, 1.5005292, -0.6299451, 1.6851147, -0.7313237, 1.5357292, -0.80827343, 1.6123064, -0.78442806, 1.5169758, -0.49117148, 1.4433228, -0.66210204, 1.4217159, -0.59114784, 1.480506, -0.848583, 1.4896654]
[-0.04775364, -0.031064747, -0.1185935, 0.41613552, 0.0, 0.0, 0.0, 0.0, -0.20310937, 0.27473062, 0.21916209, 0.08771472, 0.31319615, -0.09260137, 0.0, 0.0, 0.20054065, 0.36237466, 0.24106796, 0.18326272, -0.024383537, 0.022872997, 0.08796668, 0.26406315, 0.107034564, 0.37287477, 0.28977597, 0.3909181, 0.0, 0.0, 0.0, 0.0, 0.0, 0.0, 0.0, 0.0, 0.0, 0.0, 0.0, 0.0]
[1.2872384, 1.4446929, 1.0625672, 0.99718857, 1.5261898, 1.1424112, 1.1022525, 1.3325703, 0.14180553, 1.7050558, -0.5289652, 2.9402459, 1.692544, 0.7872601, -0.23548001, 0.9946203, 1.306876, 1.1323258, 0.34136313, 1.1459326, 1.7236251, 0.8933483, 1.4376528, 0.8885424, 0.50912726, 1.6063961, 1.3386691, 1.1315722, 1.3015709, 2.2783618, 0.19133995, 0.95499855, 1.4560251, 2.599791, 0.29760587, 1.0493104, 0.47622925, 0.48167345, 0.34189785, 0.8883416]
[-1.038892, 1.1470374, -1.7393498, 0.5186949, -1.1933372, 1.0329864, -1.1564852, 0.97814643, -0.922817, 1.261758, -0.86583394, 1.2288891, -0.83113897, 1.3550124, -1.1431215, 1.0850054, -0.73192704, 1.3307325, -0.7226047, 1.4075975, -0.99550784, 1.2256142, -0.8727842, 1.2760208, -0.7893186, 1.3738465, -0.85601336, 1.2778478, -0.83116245, 1.4028404, -1.022588, 1.2248359, -0.6911042, 1.4927903, -0.87588084, 1.3429086, -0.84829736, 1.3027925, -1.0006554, 1.0883961]
[-1.0349119, 1.3502698, -0.88145983, 1.314097, -0.7115242, 1.468603, -0.6454078, 1.5064638, -0.8298302, 1.3342773, 1.320703, 2.1651769, -0.42353147, 1.5890776, -0.5349759, 1.6234943, -0.31236213, 1.6539534, -0.34542426, 1.6339854, -0.68664795, 1.4773751, -0.5308286, 1.5592959, -0.46162522, 1.6454372, -0.5775428, 1.5025192, -0.5844845, 1.6810391, -0.624064, 1.5980669, -0.21414724, 1.5744255, -0.39151284, 1.2336521, -0.31315145, 1.4131172, -0.6439831, 1.5593922]
[-1.0952164, 1.1867037, -2.0751023, 0.7833232, 0.14456356, 1.6787008, -1.1103327, 1.1733468, -2.1164443, 0.8910738, 2.3900325, 3.1845558, -0.33948505, 1.568826, -1.098761, 1.1542209, 0.21367136, 1.8005742, 0.6221102, 2.0084023, -1.1668979, 1.1484646, 0.41809696, 1.7951536, -0.8134617, 1.2906188, -1.6261226, 1.05975, -1.5124723, 1.2102032, -1.838892, 1.0769696, -1.3009328, 1.2357755, -0.84940434, 1.2540498, -1.2071459, 1.2656707, -1.5201786, 1.0586245]
[-1.1981779, 1.0705419, -0.8347731, 1.17723, -1.0348358, 1.3488603, -1.0966173, 1.3181238, -1.0284836, 1.2237024, 0.13422832, 1.6438797, -0.831376, 1.4477652, -0.995607, 1.455925, -0.750955, 1.5540376, -0.7618603, 1.5330104, -1.0121855, 1.2216097, -0.9276842, 1.481797, -0.7872346, 1.515632, -0.70714986, 1.3842195, -0.8676073, 1.3760524, -1.0070105, 1.4575443, -0.7509636, 1.6158397, -0.80004686, 1.2982429, -0.74350387, 1.3089832, -0.96831524, 1.1657441]
[-0.9482171, 1.4278547, -1.7218627, 0.9542785, -0.91292953, 1.4371773, -1.432496, 1.18811, -0.9027318, 1.5138509, -0.5968262, 1.5394174, -0.4957477, 1.675915, -1.0373477, 1.3404189, -0.29834384, 1.6888465, -0.31120852, 1.6816555, -0.9197365, 1.5092099, -0.56275225, 1.6019258, -0.549251, 1.7418154, -0.61256963, 1.6345569, -0.63701004, 1.4717351, -0.61268353, 1.5068767, -0.49928716, 1.7313977, -0.6881611, 1.3762026, -0.52360004, 1.2669554, -0.8138985, 1.219386]
[-0.525196, 0.9524789, -0.9671009, 2.2294335, 0.0, 0.0, 0.0, 0.0, -0.59513444, 1.0896616, -0.05554179, 0.55406976, 0.046170894, 0.30720708, -0.25223675, 0.5136898, 0.0036969553, 0.5677055, 0.0, 0.0, -0.5188275, 1.028745, -0.17801125, 0.5995741, 0.0, 0.0, -0.16899875, 1.2212658, 0.0, 0.0, 0.0, 0.0, 0.0, 0.0, 0.0, 0.0, 0.0, 0.0, 0.0, 0.0]
[-1.4883276, 0.79079354, -1.3439052, 0.8728327, -1.2580109, 1.1150683, -1.3769944, 1.0530143, -1.2288811, 0.9663148, -0.07564876, 2.1502557, -1.1326972, 1.1620922, -1.1733695, 1.2181897, -1.0239307, 1.3185385, -0.9421363, 1.4549478, -1.3336798, 0.9473401, -1.0695516, 1.2822243, -0.92207307, 1.2816253, -0.9953868, 1.151104, -1.1817864, 1.2093252, -1.192108, 1.2737098, -0.9647164, 1.312892, -1.1258968, 1.2040291, -1.1583589, 1.2710247, -1.3301499, 1.105541]
[-0.606886, 0.6253558, -1.0308928, 1.476917, 0.0, 0.0, 0.0, 0.0, -0.47173813, 0.49476814, -0.2547155, 0.611505, -0.015085844, 0.18380687, -0.29935455, 0.42520764, -0.25055385, 0.81425184, 0.0, 0.0, -0.6460695, 0.74874294, -0.17226899, 0.40482548, 0.0, 0.0, -0.12178359, 0.7157024, 0.0, 0.0, 0.0, 0.0, 0.0, 0.0, 0.0, 0.0, 0.0, 0.0, 0.0, 0.0]
[-1.3998371, 0.9312214, -1.4212054, 0.8015227, -0.9870951, 1.3117219, -1.1428777, 1.2605712, -1.1827142, 1.1499127, -0.84138536, 1.3322761, -0.97739524, 1.3208926, -0.87694854, 1.498601, -0.6535732, 1.5426731, -0.6339967, 1.5011225, -1.0750692, 1.312518, -0.91314054, 1.4957734, -0.7234219, 1.6034882, -0.86952615, 1.2558962, -0.86535156, 1.4429295, -0.93370616, 1.4540464, -0.6025773, 1.3930154, -0.81221044, 1.3003982, -0.80909765, 1.4241065, -0.9780178, 1.2349267]
[-1.0127304, 1.4192338, -2.6476696, 0.33701062, -1.5776067, 1.0007608, -1.0957559, 1.2478964, -0.64634347, 1.6326411, 0.20166399, 2.3059857, -0.501809, 1.5136765, -2.0007877, 0.82197386, -0.6689547, 2.1222603, -0.48575997, 1.8926504, -0.7635716, 1.557759, -0.46084282, 1.746207, -0.46202222, 1.8875383, -1.2899727, 1.4082044, -0.752997, 1.5380324, -0.58984286, 1.5373138, -0.2554559, 1.0931996, -0.5332574, 1.0672156, -0.43266833, 1.230408, -0.73868555, 1.17798]
[-0.06221301, 9.097345e-05, -0.15976423, 0.41077468, 0.0, 0.0, 0.0, 0.0, -0.20850722, 0.35515553, 0.22100168, 0.17258525, 0.30417877, -0.04081899, 0.0, 0.0, 0.16623266, 0.37248266, 0.24445698, 0.28449664, -0.05242734, 0.047429588, 0.07392634, 0.3027351, 0.068984844, 0.3565506, 0.27656046, 0.4608431, 0.0, 0.0, 0.0, 0.0, 0.0, 0.0, 0.0, 0.0, 0.0, 0.0, 0.0, 0.0]
[-1.4697826, 0.7979392, -1.1048784, 0.96520656, -1.1574492, 1.1316694, -1.1083183, 1.2351447, -1.2852522, 1.0371913, -0.27629155, 1.6245165, -1.0520682, 1.2138327, -0.9118439, 1.4501019, -0.7816114, 1.4592439, -0.84222895, 1.4059575, -1.1301398, 1.2485031, -0.92853576, 1.4006053, -0.8727254, 1.4191328, -0.8617849, 1.3134482, -1.0078154, 1.2929679, -1.0468322, 1.2929752, -0.763058, 1.3361901, -0.91699386, 1.2226062, -0.9842918, 1.3662764, -1.1942858, 1.2574375]
[-0.45328218, 1.3111143, -0.72695845, 2.3946455, 0.0, 0.0, 0.0, 0.0, -0.44445047, 1.0228778, -0.15164255, 1.2982866, 0.054678604, 0.59627885, 0.0, 0.0, -0.009039662, 0.73582876, 0.009373613, 0.8027586, -0.38242793, 1.1290132, -0.18218394, 0.9347025, -0.16224764, 0.97162706, -0.11536882, 1.5468854, 0.0, 0.0, 0.0, 0.0, 0.0, 0.0, 0.0, 0.0, 0.0, 0.0, 0.0, 0.0]
[2.2710454, -3.4712672, 1.5304961, 1.2716075, 1.2229987, -0.724396, 1.2571545, -0.43045267, 1.4573579, 0.008768699, 1.8671678, -4.0473275, 1.3719027, 0.491266, 1.4510905, 0.6439619, 1.5775949, 1.8929201, 1.4160862, 1.4373481, 1.6782887, 2.2717922, 1.5081058, 1.9938394, 1.7291776, 1.8570932, 1.5162276, 1.0276496, 1.4002184, -0.8014944, 1.5562024, 0.52935565, 1.2468851, -0.40582657, 1.3725855, -0.94526964, 1.5344781, -0.2744782, 1.3674918, -0.891745]
[2.3595424, -3.4177804, 1.5731432, 1.1601386, 1.3473771, -0.8050829, 1.4083954, -0.45782533, 1.4460509, -0.22959252, 2.2817693, -3.537536, 1.3650736, 0.84241426, 1.7781585, 0.8797019, 1.6415952, 1.9989594, 1.5657235, 1.3302532, 1.8589861, 2.264725, 1.5563129, 1.873949, 1.6989349, 1.5736201, 1.4748526, 0.8695995, 1.534113, -0.95907944, 1.6085105, 0.39428008, 1.3911155, -1.2343287, 1.5137327, -0.11665074, 1.3246126, -0.82012403, 1.3534048, -1.5110185]
[-1.4617891, 0.8676456, -1.0085458, 1.0986365, -1.1177139, 1.2816495, -1.145623, 1.2446688, -1.119711, 1.087772, -0.283424, 1.6443182, -0.9614206, 1.3194467, -1.0261264, 1.4104916, -0.81632745, 1.4721192, -0.77166045, 1.5654904, -1.0660496, 1.2293329, -0.92230177, 1.4846851, -0.8839967, 1.4294481, -0.91616386, 1.277908, -0.91950333, 1.3831434, -1.001908, 1.3348688, -0.75080264, 1.418217, -0.8643899, 1.3383638, -0.85500425, 1.3328642, -1.1560638, 1.3126968]
[-1.2954113, 1.0642895, -1.0362451, 1.2027189, -0.9552962, 1.3404081, -0.99153084, 1.3850138, -1.0934534, 1.1054319, 0.403217, 2.0219762, -0.8975983, 1.4353178, -0.86907226, 1.4401445, -0.63076806, 1.6518202, -0.713136, 1.5686077, -0.99726826, 1.3984021, -0.83614624, 1.5372063, -0.70425713, 1.492708, -0.7639884, 1.41902, -0.86907196, 1.4755392, -0.87681836, 1.5706276, -0.5442146, 1.3615296, -0.7430133, 1.429127, -0.63453037, 1.2585547, -0.9457792, 1.2322112]
[-0.62931997, 0.44302428, -1.1846377, 1.3310335, 0.0, 0.0, 0.0, 0.0, -0.51944417, 0.46433285, -0.17207068, 0.35862333, 0.003178202, 0.051313, -0.2560978, 0.29885882, -0.09797205, 0.48149127, 0.0, 0.0, -0.49881348, 0.3533924, -0.134365, 0.28021798, 0.0, 0.0, -0.15530697, 0.62831, 0.0, 0.0, 0.0, 0.0, 0.0, 0.0, 0.0, 0.0, 0.0, 0.0, 0.0, 0.0]
[-1.4284562, 0.9349431, -2.7450953, 0.30956835, -0.736196, 1.2958026, -0.8440337, 1.3321451, -0.5314022, 1.5463499, 1.4790815, 2.6614897, 0.3575511, 1.7590506, -1.1457263, 1.1296532, -0.22998439, 1.5552404, -0.124264814, 1.6022652, -0.81069285, 1.3103923, -1.1067306, 1.2058814, -0.31827638, 1.5139455, -0.559975, 1.400445, -0.48441815, 1.4741224, -0.30400348, 1.4459884, -0.31798202, 1.5130483, -0.49182606, 1.2119482, -0.7084422, 1.3320264, -0.14089198, 1.277335]
[-0.98186886, 1.2134283, -1.1482849, 1.8139671, 0.0, 0.0, 0.0, 0.0, -0.6126308, 0.87292206, -0.8166987, 1.8742424, -0.584519, 1.4216052, 0.0, 0.0, -0.21533862, 0.81863755, -0.22274129, 0.81431454, -0.90202665, 1.3921987, -0.59179, 1.3457806, -0.51576483, 1.2421725, -0.5708697, 1.6865245, 0.0, 0.0, 0.0, 0.0, 0.0, 0.0, 0.0, 0.0, 0.0, 0.0, 0.0, 0.0]
[-0.7326968, 1.059466, -0.29957855, 1.2049127, -1.4544975, 0.89178175, -1.4256655, 0.7864586, -0.31347877, 1.2340903, 3.0934663, 2.8399677, -1.2221146, 0.88800406, -0.37981623, 1.2073305, 2.5685856, 2.8086176, -0.7724988, 0.99877113, -1.3237808, 0.94831294, -0.7414749, 1.1052009, -0.50103945, 1.1817446, -1.7362052, 0.752795, -0.3718649, 1.3519009, -0.5047662, 1.1680685, -0.9260565, 1.0866722, -0.5263186, 1.2591968, -0.90812176, 1.166525, -0.76995003, 1.076008]
[-1.0287845, 1.3768781, -1.1297697, 1.7072597, -1.076302, 1.5937417, -1.3618205, 1.8484648, -1.1351805, 1.6138891, -0.61632466, 1.319413, -0.5654798, 1.1484027, -0.8955317, 1.3961152, -0.53278446, 1.3192136, -0.6085718, 1.3905091, -1.0580955, 1.4723281, -0.7446748, 1.383876, -0.73411447, 1.466668, -0.37753528, 1.1952442, -0.88195604, 1.5560002, 0.0, 0.0, -0.634578, 1.5404257, -0.8607675, 1.516362, 0.0, 0.0, 0.0, 0.0]
[-1.5560784, 1.2070704, -1.8070184, 0.59532654, -1.4685562, 0.9236097, -1.4659265, 1.2691673, -1.2440187, 1.4683423, -0.89718664, 1.7462327, -1.0378153, 1.2225846, -1.4325062, 1.15194, -0.91818106, 1.5542595, -0.8984176, 1.4555146, -1.3069727, 1.3895075, -1.1264544, 1.4904842, -1.2454176, 1.642057, -1.30538, 1.3397269, -1.0024433, 1.18358, -1.0232232, 1.2998403, -0.5610682, 1.0619658, -0.9171113, 1.0373218, -0.78034, 0.8684439, -1.0675147, 0.958695]
[-0.9689705, 1.2631673, -1.6315913, 0.7912573, -1.114488, 1.0956175, -1.1903439, 1.0035032, -0.7838216, 1.428431, -0.84201586, 1.3715525, -0.76440585, 1.4300225, -1.0845736, 1.0687209, -0.57136995, 1.4613925, -0.69045883, 1.5386626, -1.0022277, 1.2379515, -0.61541635, 1.4865599, -0.78694403, 1.4757273, -0.6366016, 1.480359, -0.87458736, 1.3496847, -0.81753695, 1.2478939, -0.6022378, 1.4558651, -0.78061765, 1.3088359, -0.840449, 1.3176248, -0.9932618, 1.1289219]
[-1.1968327, 1.3088051, -1.3098396, 1.0413524, -1.1581582, 1.2913358, -1.3317494, 1.2208205, -1.174616, 1.4461188, -1.0396509, 1.4560176, -1.0115187, 1.4795672, -1.0592041, 1.1155117, -0.82720304, 1.6018884, -0.9138073, 1.6947972, -1.1099125, 1.3354374, -1.0018952, 1.437773, -0.934244, 1.49729, -0.8132135, 1.4645634, -1.0458808, 1.378118, -1.0647303, 1.3210598, -0.6651147, 1.3266636, -1.0220795, 1.3439579, -0.81856096, 1.2493677, -1.138057, 1.1956829]
[-1.9312298, 1.2446961, -2.714463, 1.3904052, 2.0064588, 2.053105, -0.9696762, 1.533806, -1.9770297, 1.110201, 1.9115295, 2.2262979, -1.1162376, 1.3255877, -0.45725378, 1.5380905, -0.42812207, 2.2045286, 0.1400263, 1.8548027, -0.96879077, 1.1979568, -0.2129412, 1.8935466, 0.19979312, 2.0497997, -0.8283407, 1.529862, 0.18295202, 2.3190343, 1.8500848, 2.9770353, 0.51525503, 2.126235, 0.089880526, 0.90548205, 0.28588703, 1.5743105, 0.27946058, 2.127798]
[-0.8850988, 1.2740395, -1.1862547, 1.1344332, -0.96200454, 1.1463428, -1.0231473, 1.0726843, -0.8184103, 1.257791, -0.6095443, 1.347284, -0.7022798, 1.3473473, -0.90038514, 1.204937, -0.5508281, 1.4213763, -0.6450173, 1.4790485, -0.8733914, 1.316148, -0.61328673, 1.34734, -0.5945345, 1.3225762, -0.56970936, 1.4144732, -0.7206087, 1.3032908, -0.7580877, 1.2554047, -0.49387038, 1.3826888, -0.7055219, 1.2693162, -0.66058266, 1.3997581, -0.8994906, 1.1250144]
[-1.6794792, 0.3425491, -2.5066013, -0.28616515, -0.5259514, 1.0859652, -0.4414103, 1.0728279, -1.7486571, 0.4012431, 0.16527717, 1.6096995, 0.86217314, 2.037063, -1.9656627, -0.03846479, -0.5845567, 1.0833216, 0.086042605, 1.3531336, -1.3272377, 0.44453058, 0.33947626, 1.6169894, -0.72093815, 0.85230863, -0.25671735, 1.3740469, -1.2256507, 0.52754307, 0.24458343, 1.6813434, -0.711127, 1.1307342, -0.6459755, 0.94641286, 0.40051964, 1.7602777, -0.5129844, 1.114201]
[-1.6656966, 0.8897968, -1.7044469, 0.8059706, -1.0023304, 1.3465552, -1.0699601, 1.4032909, -1.3685061, 1.101101, 0.72052044, 2.5801833, -0.96855134, 1.3117354, -0.94497293, 1.2794425, -0.80446464, 1.4797176, -0.7174711, 1.6380949, -1.0407766, 1.2195888, -0.8340077, 1.3875363, -0.8157287, 1.4808275, -1.0257236, 1.2327406, -0.9217427, 1.3764633, -0.96598136, 1.287567, -0.37120155, 1.6708697, -0.790003, 1.4306669, -0.6823913, 1.412272, -1.004255, 1.2869706]
[-1.5132983, 0.5600265, -1.6323018, 1.5064063, -1.2588844, 0.98062474, -1.5595945, 1.1264995, -1.4192472, 0.8337584, -1.8161199, 1.4131634, -1.0481752, 0.91072345, 0.0, 0.0, -1.1510403, 1.3922873, -1.0456303, 1.1611127, -1.2931877, 0.8991367, -0.989066, 1.0811917, -0.8265483, 0.9553446, -1.5798526, 1.7683878, -1.091053, 0.917, 0.0, 0.0, 0.0, 0.0, 0.0, 0.0, 0.0, 0.0, 0.0, 0.0]
[-0.10873538, -0.15933193, -0.21813269, 0.24763203, 0.0, 0.0, 0.0, 0.0, -0.25458834, 0.17191795, 0.15643264, -0.026083793, 0.0, 0.0, 0.0, 0.0, 0.0, 0.0, 0.0, 0.0, -0.09844544, -0.09810279, 0.0, 0.0, 0.0, 0.0, 0.0, 0.0, 0.0, 0.0, 0.0, 0.0, 0.0, 0.0, 0.0, 0.0, 0.0, 0.0, 0.0, 0.0]
[-2.2716665, -0.20006189, -0.92739093, 1.2517864, -1.5105895, 1.8097166, -0.830007, 1.1748346, -1.5619333, 0.65489393, -0.99310106, 1.5415884, -1.2413661, 0.97133386, -0.9482508, 1.516549, -0.42847252, 1.8602937, 0.0, 0.0, -1.3553951, 1.4453578, -0.9579508, 2.1791444, -0.6673866, 1.268569, -0.82561284, 1.5195988, -0.37803188, 1.552154, 0.0, 0.0, 0.0, 0.0, 0.0, 0.0, 0.0, 0.0, 0.0, 0.0]
[-1.080642, 0.94909775, -0.8124258, 1.079368, -0.5025619, 1.3453227, -0.66813177, 1.1544167, -0.66533506, 1.2125748, 0.42932212, 1.7307649, -0.35834652, 1.3267348, -1.2787606, 0.9108121, -0.35943127, 1.4018145, -0.2657655, 1.3565576, -0.8829629, 1.1436473, -0.5421995, 1.3072538, -0.61212885, 1.2860941, -0.31474397, 1.392449, -0.5630745, 1.3395771, -0.8281386, 1.1678693, -0.24285524, 1.4459585, -0.47503808, 1.3745154, -0.3639781, 1.4328165, -0.9674225, 1.1638473]
[-1.5326993, 0.55016094, -1.4774468, 0.46688512, -1.3414502, 0.9200187, -1.2547766, 1.0032467, -1.3443536, 0.70949787, -0.32725206, 1.7686691, -1.2659987, 0.97712225, -1.1581728, 1.1409011, -1.0556653, 1.281066, -1.072629, 1.2681777, -1.3175437, 0.8022159, -1.1646514, 1.1977284, -1.1327759, 1.3146175, -1.1603049, 1.0697018, -1.0994744, 1.1466727, -1.2039711, 1.1728132, -0.8942498, 1.2360159, -1.0321234, 1.0240593, -1.0908297, 1.1265794, -1.2959293, 0.99396765]
[-1.2480515, 1.0255433, -1.625468, 0.6541812, -1.296005, 1.0303472, -1.4935449, 0.9566143, -1.0132107, 1.5155567, -0.98782885, 1.4147016, -0.9431513, 1.418258, -1.3131449, 0.90333015, -0.85049623, 1.585066, -0.8949783, 1.4630795, -1.0578922, 1.3710649, -0.9090021, 1.4891621, -0.885679, 1.5013028, -1.0300217, 1.4308277, -0.98443407, 1.4150746, -1.035037, 1.3030039, -0.8768165, 1.5791543, -1.0673147, 1.1654133, -0.96749836, 1.4306267, -1.0422703, 1.0404948]
[-1.3185107, 1.1024468, -1.1089404, 1.0508637, -0.90069425, 1.276433, -0.9683379, 1.4453696, -0.98708874, 1.1435307, 1.0516962, 2.3713732, -0.7682475, 1.4121244, -0.8216333, 1.517366, -0.5903551, 1.6363326, -0.6053327, 1.6591212, -0.84571236, 1.3908184, -0.7226922, 1.4343264, -0.64353913, 1.5008633, -0.704999, 1.3847568, -0.7490539, 1.6057762, -0.8537171, 1.4577601, -0.5410815, 1.4997405, -0.71336573, 1.4754124, -0.64303213, 1.5356374, -0.86339176, 1.3398522]
[0.52452785, 1.924147, -3.2362645, -0.75034934, -1.9207927, 0.062515184, -1.5907112, 0.2918562, -0.056299478, 1.6049925, -0.8031579, 0.924232, 0.3778681, 1.5704786, -0.86211956, 1.0643708, 0.6783068, 2.1363068, -1.4301603, 0.62677264, -0.78370064, 0.66825634, -0.112272955, 1.4049081, 1.0747226, 2.199896, -0.8092787, 0.8533067, -0.40129066, 1.5550067, -0.506366, 1.2507107, -0.0998231, 1.6458051, 0.20748894, 1.5462945, -0.0800566, 1.4997061, -0.35971758, 0.92744]
[-0.515978, 1.7644982, -0.65918374, 2.0829473, -0.21295121, 0.9981109, -0.46946988, 1.180999, -0.25854433, 0.20616159, -0.27295652, 2.0291953, -0.0021302504, 1.0321702, 0.0, 0.0, -0.15867457, 1.6408082, -0.048351847, 1.0342346, -0.48077992, 1.702128, -0.24182059, 1.3479649, -0.20584778, 1.2273206, -0.10851523, 1.6266962, 0.0, 0.0, 0.0, 0.0, 0.0, 0.0, 0.0, 0.0, 0.0, 0.0, 0.0, 0.0]
[-1.0261539, 1.5584468, -2.2952197, 0.6211823, -1.2960192, 1.2150822, -1.45373, 1.1314044, -0.87091005, 1.6663799, -0.54582655, 1.7478575, -0.6543218, 1.5346359, -1.2207832, 1.3613015, -0.59622085, 1.7859802, -0.49584854, 1.8577124, -0.8123597, 1.6093928, -0.84255123, 1.6187836, -0.66847104, 1.8044599, -0.7666499, 1.5213588, -0.87716734, 1.4166125, -0.78500193, 1.5758823, -0.56552064, 1.6915584, -0.75580746, 1.3764515, -0.61375314, 1.4889342, -0.823592, 1.2756429]
[-0.79733425, 1.4303832, -0.7733005, 1.5804346, -0.5028501, 1.8415874, -0.5487283, 1.0606827, -0.73930925, 1.6572498, -0.4620109, 2.2957213, -0.21403927, 1.2243396, 0.0, 0.0, -0.19157802, 1.2957301, -0.23338759, 1.5674227, -0.6082655, 1.5077645, -0.42857495, 1.8392519, -0.3631447, 1.796474, -0.3640944, 1.7715067, -0.36431023, 1.2698675, 0.0, 0.0, 0.0, 0.0, 0.0, 0.0, 0.0, 0.0, 0.0, 0.0]
[-0.6944627, 1.4816201, -0.84010935, 1.667706, -0.21449181, 0.56574076, 0.0, 0.0, -0.4432359, 0.71236134, -0.4598435, 1.550679, -0.2209121, 1.256499, 0.0, 0.0, -0.24905631, 1.2712855, -0.22674516, 1.2208922, -0.68092716, 1.5188398, -0.2543576, 0.7960243, -0.39734274, 1.3798419, -0.23637103, 1.4472966, 0.0, 0.0, 0.0, 0.0, 0.0, 0.0, 0.0, 0.0, -0.10691637, 0.85789526, 0.0, 0.0]
[0.06733727, 1.0715706, -0.22569609, 2.4981246, 0.0, 0.0, 0.0, 0.0, -0.1985722, 0.88471544, 0.19696102, 1.1867769, 0.4039986, 0.88465494, -0.06951925, 0.8486249, 0.22414722, 1.2293922, 1.7117099, 1.091261, -0.07921783, 0.8208762, 0.07922644, 0.8400054, 0.0, 0.0, 0.2683921, 1.6938007, 0.0, 0.0, 0.0, 0.0, 0.0, 0.0, 0.0, 0.0, 0.0, 0.0, 0.0, 0.0]
[-0.79733425, 1.4303832, -0.7733005, 1.5804346, -0.5028501, 1.8415874, -0.5487283, 1.0606827, -0.73930925, 1.6572498, -0.4620109, 2.2957213, -0.21403927, 1.2243396, 0.0, 0.0, -0.19157802, 1.2957301, -0.23338759, 1.5674227, -0.6082655, 1.5077645, -0.42857495, 1.8392519, -0.3631447, 1.796474, -0.3640944, 1.7715067, -0.36431023, 1.2698675, 0.0, 0.0, 0.0, 0.0, 0.0, 0.0, 0.0, 0.0, 0.0, 0.0]
[1.6250296, 0.52808684, 1.3261749, 0.75282174, 2.2731388, 0.42930898, 1.7141975, 0.694981, 1.2706314, 1.3156224, 1.2286202, 2.4033964, 1.6398485, -0.026666233, 1.0080693, 1.0069503, 1.2566324, 0.33973616, 1.4193947, 1.0168939, 1.5804085, 0.060234666, 1.6120636, 0.50742537, 0.5294326, 0.821203, 1.4989227, 0.5269812, 2.2901976, 0.8239394, 0.37604508, 0.45773467, 2.206356, 0.96610993, 1.4593922, 0.65274936, 1.8550937, 0.7006682, 1.8685817, 0.70751905]
[-0.9042377, 1.1760322, -1.23575, 2.0034797, 0.0, 0.0, 0.0, 0.0, -0.6406812, 0.8722793, -0.7097205, 1.4934417, -0.3809916, 0.8781807, 0.0, 0.0, -0.37690046, 1.1128088, -0.13956343, 0.6114462, -0.80014515, 1.086437, -0.25782582, 0.56447035, -0.2333296, 0.66237247, -0.2298577, 0.94841045, 0.0, 0.0, 0.0, 0.0, 0.0, 0.0, 0.0, 0.0, 0.0, 0.0, 0.0, 0.0]
[-1.4456717, 0.7947238, -1.3154405, 0.8895852, -1.0355368, 1.2139164, -1.0643598, 1.2209557, -1.1685036, 1.07973, -0.54886293, 1.5899754, -1.0067725, 1.3497905, -0.98877937, 1.389712, -0.83926326, 1.5736482, -0.8211643, 1.5341312, -1.0825233, 1.0916393, -0.8982145, 1.3466548, -0.8683066, 1.4568012, -0.9297396, 1.3006556, -0.9096225, 1.2836494, -0.9906046, 1.3740932, -0.7066501, 1.293102, -0.9210498, 1.359878, -0.8790771, 1.2755136, -1.1293778, 1.2050852]
[-0.7752329, 1.2794931, -0.8768545, 1.4472264, -0.7132209, 1.5614793, -1.1194795, 2.0715828, -0.7983433, 1.1932291, -0.46701396, 1.7994143, -0.4867893, 1.3875458, 0.0, 0.0, -0.35326073, 1.8559692, 0.0, 0.0, -0.8840838, 1.8403014, -0.5615671, 1.8176578, -0.5294007, 1.6336473, -0.30602667, 1.5879614, -0.70703065, 1.704265, 0.0, 0.0, 0.0, 0.0, 0.0, 0.0, 0.0, 0.0, 0.0, 0.0]
[-0.9689705, 1.2631673, -1.6315913, 0.7912573, -1.114488, 1.0956175, -1.1903439, 1.0035032, -0.7838216, 1.428431, -0.84201586, 1.3715525, -0.76440585, 1.4300225, -1.0845736, 1.0687209, -0.57136995, 1.4613925, -0.69045883, 1.5386626, -1.0022277, 1.2379515, -0.61541635, 1.4865599, -0.78694403, 1.4757273, -0.6366016, 1.480359, -0.87458736, 1.3496847, -0.81753695, 1.2478939, -0.6022378, 1.4558651, -0.78061765, 1.3088359, -0.840449, 1.3176248, -0.9932618, 1.1289219]
[-1.5269504, 0.8369923, -1.2264445, 1.0202913, -1.0961404, 1.3226157, -1.0737351, 1.3642693, -1.2225065, 1.1021382, -0.22482462, 1.7848305, -0.9475459, 1.4483807, -1.0559149, 1.4732431, -0.7519748, 1.6745315, -0.7823882, 1.5650883, -1.0970156, 1.3026979, -0.8132052, 1.5188442, -0.86721635, 1.5236423, -0.80969566, 1.361386, -0.868819, 1.4091889, -0.9473005, 1.4735447, -0.66876864, 1.478825, -0.81184894, 1.2819585, -0.7595843, 1.2984107, -0.964623, 1.2181227]
[-1.2028141, 1.0272231, -1.1062545, 1.12308, -1.0919372, 1.275765, -1.1888752, 1.4081455, -1.2344218, 1.2866197, -0.06048388, 1.9152054, -0.9733989, 1.3827468, -1.0900162, 1.4062966, -0.83868414, 1.5336891, -0.9029439, 1.5171236, -1.0553006, 1.1949965, -0.85604846, 1.4429125, -0.8934362, 1.5096371, -0.74640304, 1.3354417, -1.0090287, 1.3965651, -1.0482208, 1.3910209, -0.8279336, 1.5631719, -0.8632564, 1.3021101, -0.7880741, 1.2667133, -1.0491347, 1.2582839]
